89.1912
321.6445
341.7686
12.9937
60.9322
176.3978
244.0427
357.8933
268.0416
235.0788
234.5286
191.6963
381.4383
274.2853
131.7764
177.5196
303.0334
355.6877
346.3591
70.0905
373.3109
51.0085
248.1923
90.2361
160.3974
353.2135
111.8979
126.5182
196.5434
377.8653
334.5108
193.717
26.1175
296.5065
163.1977
234.1799
139.7757
266.0943
197.887
36.2333
349.3073
360.6024
140.9282
67.7277
87.8466
365.0081
119.1007
212.6253
80.3597
381.3381
317.5925
165.1415
256.8202
185.3613
323.0168
393.4447
223.5092
32.8777
20.5375
101.2011
331.3156
202.2555
373.7929
69.9233
258.3515
384.6027
168.0783
375.8976
19.6596
179.6443
143.7598
193.2172
272.6353
376.55
78.0129
155.612
23.3576
117.8501
371.6823
177.5355
305.4311
274.7475
307.7747
387.3412
319.2219
103.5955
390.9806
38.253
16.1282
9.1682
123.5728
348.2082
174.1005
210.2855
115.4206
357.8514
41.9845
259.3576
208.5595
61.1104
194.2223
41.5235
392.97
110.7819
137.9703
230.6544
375.2964
150.2706
342.6728
221.8769
240.6821
189.8235
144.9383
29.6031
354.4928
258.29
97.4617
179.3431
245.7434
320.1775
363.9969
267.6033
380.6464
386.4799
36.0819
45.6175
139.9565
277.7029
159.3633
357.895
52.6631
243.3726
157.7676
50.9983
36.2091
163.076
78.2572
399.2938
151.6763
321.0956
306.0449
371.2494
1.9656
102.6568
398.4969
326.0512
395.3543
266.408
289.9198
389.7559
253.4946
265.4107
216.6741
332.0028
11.4195
240.6335
131.5634
366.0757
60.5609
349.3275
336.4308
283.5369
3.219
210.8078
390.8303
15.2915
291.7952
395.7921
288.2916
25.532
223.7347
29.7449
58.966
296.0868
389.9976
163.9516
234.0062
399.1288
129.5899
398.4588
376.788
44.0944
399.0608
362.8949
322.1386
142.0928
205.937
240.872
91.0684
120.2725
49.2641
134.1542
262.9652
140.3745
27.6103
330.5993
44.1871
148.3368
263.906
202.4168
259.4121
328.2459
120.5172
35.5228
365.4046
206.1892
217.1367
167.4868
109.4888
171.515
339.5128
8.7988
340.3265
373.8874
71.0882
65.8848
57.4011
71.5831
9.9486
177.0785
272.3558
242.2234
296.1382
192.5217
48.0434
43.8638
139.6571
29.1737
8.4797
111.4682
70.0796
271.7992
341.2949
284.2574
332.3874
213.3597
378.3583
311.8017
392.6923
197.5565
231.6569
64.0886
268.381
86.1992
302.446
151.0492
167.4716
210.1733
364.6175
348.4208
140.1422
101.3028
120.1519
79.6977
148.5402
59.065
146.8666
136.4647
219.8249
317.0053
126.7773
250.5913
331.1465
71.8564
339.4986
371.9659
393.6121
224.5285
383.1698
118.2597
18.4609
15.8204
8.2222
342.2575
374.1972
393.2121
106.1251
170.6244
346.6011
91.3155
358.3843
245.9538
380.5433
341.6674
371.044
239.5482
258.757
15.0432
365.366
88.8496
34.2326
58.2736
348.819
241.2517
333.3743
335.7946
212.2064
46.6951
5.6302
64.3547
166.6555
330.551
337.0642
373.939
272.895
384.7693
44.4201
332.7978
209.7525
258.5056
131.3765
151.5926
133.3595
157.4963
125.4871
23.8733
272.4959
51.3719
388.9173
339.9077
268.8336
237.5535
10.8721
149.3242
326.6293
353.6693
59.7065
274.0033
125.0109
93.0726
134.7432
238.2145
133.5079
238.5138
87.4118
67.2146
142.5864
377.7263
327.508
264.4704
369.1658
311.2134
337.7337
130.2899
244.5436
72.6753
13.8764
257.0119
103.4627
53.2537
372.0144
1.3031
125.5804
173.3317
42.758
203.13
318.2667
227.1325
169.6406
384.9855
83.1358
336.6241
230.6088
238.2767
383.213
103.2107
141.7655
375.711
309.7694
43.1789
37.5929
167.8484
177.7748
286.4608
199.9903
212.9082
398.5526
358.0367
387.3868
220.4402
144.095
287.3202
73.4047
242.8485
259.6347
216.897
184.0029
186.0942
276.615
346.6717
380.5597
73.2794
232.8341
193.3497
179.7053
342.4075
139.2848
316.4363
150.3923
145.0079
4.2469
251.6199
72.1556
123.8051
111.1046
273.8882
331.8896
123.5589
125.6195
182.7384
144.8555
6.4873
106.8287
140.5643
202.427
273.1861
280.7746
221.6635
214.7208
213.5604
377.7094
399.5378
243.8275
372.9683
42.9846
211.9944
243.7353
330.0539
143.1812
126.0579
334.3163
198.7558
8.9627
232.5688
77.3133
397.8126
91.3763
110.6707
343.4731
26.8573
73.1278
37.575
130.045
195.3335
212.7707
281.1766
353.8709
237.2331
210.434
271.2871
356.2338
352.8314
68.3013
198.2339
57.2255
219.9673
39.9189
390.842
21.2842
38.7429
96.8854
104.5331
117.0734
36.874
332.7795
213.4622
163.0322
169.5273
343.0266
240.023
290.157
54.1309
156.2726
161.6744
27.1215
104.2816
43.859
215.7245
279.5426
331.7176
146.9649
333.9679
215.0869
177.5146
74.8918
240.6044
72.2843
183.398
390.5301
315.6778
115.9593
255.0328
138.6315
230.8603
391.2127
380.0882
212.7727
10.5094
194.4101
69.4732
31.0305
189.5179
352.0083
22.8354
98.6814
21.8058
369.1933
128.3513
1.1012
280.5798
17.5238
314.0478
158.6793
300.7729
162.5653
42.1018
229.3307
238.3789
284.1872
157.1412
136.6399
116.1856
294.7993
395.8588
253.9564
361.2588
198.8915
70.1515
105.1609
189.1386
351.1692
318.5569
104.7574
198.5879
137.273
58.9493
158.1807
151.0289
171.0803
352.8825
381.0145
313.5166
376.308
35.6871
69.2695
307.4986
250.899
363.0053
85.3883
352.7001
370.9981
33.6765
206.7379
111.5871
372.6463
324.4871
123.6225
46.8019
395.0663
87.5346
28.3676
187.0618
227.556
328.7456
344.7327
395.0696
351.8451
353.22
14.4653
276.7636
185.3002
64.2657
399.3321
75.2357
162.488
377.0792
135.5
337.1716
195.3004
39.3675
170.6274
383.294
23.8854
44.2855
72.6598
233.7008
336.0258
233.7597
166.2963
70.7159
97.1507
33.206
195.9708
240.519
296.4009
80.5696
114.2066
138.9863
249.7188
86.0832
240.5975
169.8251
36.0314
151.8467
81.8289
13.0934
340.792
96.0368
394.5151
34.1859
68.0082
16.5864
280.0035
322.7404
370.7573
153.5182
222.5335
148.1296
279.0698
321.8982
199.857
232.4157
48.0531
220.0139
207.4273
280.2423
218.1067
104.7373
12.8788
162.8388
42.0251
174.2736
175.5613
159.6521
145.3402
322.8854
304.7509
330.2343
258.2865
362.7569
87.3542
160.0845
149.4489
8.393
149.1291
128.0537
114.9149
389.8216
60.7727
49.782
60.9691
313.2717
321.0166
12.9102
163.79
94.0996
328.3881
91.9578
140.5179
116.7549
236.6198
369.7187
118.0304
120.1769
348.552
25.2877
75.5525
46.7023
377.246
92.1027
373.7854
247.9401
265.0635
191.7086
271.177
396.0505
126.2777
218.6
339.1616
99.9982
317.2169
1.7068
34.3737
107.0699
376.8617
24.3539
44.5276
44.2505
263.2543
394.7927
397.7544
65.9309
345.2884
141.083
241.413
137.9614
61.3849
309.4457
172.7787
59.1599
45.7024
324.288
126.1814
384.3009
20.285
296.052
330.7201
302.5573
397.4076
14.6495
251.1765
159.9518
182.6396
157.6498
7.2782
191.3418
88.9229
274.2329
101.9746
334.873
343.6727
4.2066
388.0225
340.1355
116.0163
325.0065
137.6887
9.4601
111.3604
293.4038
85.2679
387.2967
80.2936
47.7176
254.3399
339.0279
129.995
68.8496
366.9137
381.8645
42.6354
345.2185
190.0886
360.6512
16.5719
257.5955
19.722
341.53
361.9218
106.1364
88.3773
186.6429
256.2105
193.7779
341.878
376.0967
315.3323
371.2759
133.86
300.516
333.789
78.3258
41.6764
24.435
281.6477
24.333
131.7639
201.8884
313.7016
374.3623
70.7805
225.4799
210.5811
103.9415
4.3521
67.5519
210.2481
198.2352
283.0246
306.9562
83.6268
75.4877
3.2595
341.425
221.6673
27.3568
296.9314
217.8679
230.5071
165.5861
230.8154
370.7665
99.554
203.1306
216.5431
314.0471
199.3643
314.6312
10.6819
210.3358
231.759
26.1167
103.4282
64.7592
244.5637
269.6045
146.2048
347.7325
117.6697
258.3404
173.489
274.9511
374.6347
90.4838
322.4707
12.922
82.8666
48.1319
374.8361
130.8425
128.5556
214.3129
184.9696
135.4825
71.7244
102.5184
82.9262
101.8418
16.9697
92.6163
265.4646
24.264
84.1398
264.0855
212.6514
276.3787
177.5031
249.8611
242.5088
339.2844
134.3357
275.9102
283.7201
315.0095
218.0619
112.2181
51.106
278.7152
265.86
280.2534
128.5942
253.6
210.0578
286.4613
304.0855
365.5345
256.2441
188.1338
188.6558
204.1727
172.824
19.168
391.7294
323.6054
299.0384
181.8781
396.9458
142.9772
44.3927
36.5908
332.3462
18.9169
333.4225
271.3501
163.6275
367.7441
367.7906
142.8982
356.7481
339.9698
54.6246
218.6124
185.328
116.1049
113.8041
218.6335
34.9336
390.6348
87.9936
30.9068
84.224
81.2291
160.4058
56.4181
64.8168
198.6878
31.8407
277.8961
53.9126
52.7883
180.3478
338.3694
154.6598
97.257
131.3919
257.3193
74.4792
362.7683
222.5172
319.2251
36.9069
81.0649
142.1029
73.9141
268.1497
120.8309
115.6259
214.5274
276.0084
220.8265
328.6765
336.9196
259.7865
234.8371
187.6901
321.0387
94.3087
370.1185
297.3242
34.2525
197.5135
109.7387
240.1857
113.9757
181.0429
227.6652
119.9805
172.959
133.0409
184.693
136.7006
49.7172
141.2337
360.6647
114.8462
304.8236
63.1315
313.4525
286.7301
82.9525
309.2017
63.9803
262.959
397.4856
146.6913
56.7881
8.4889
340.7033
232.7329
11.4042
42.2027
236.0486
132.3262
128.7393
177.4327
94.1568
78.8794
335.9689
354.9954
125.8935
244.5617
159.3928
175.8936
106.0272
29.3304
292.6868
111.7217
153.3418
71.4022
363.7882
157.6261
345.9327
215.903
274.283
2.0544
102.0336
243.9386
45.8709
318.0271
363.7482
166.3696
372.9737
310.8034
230.717
318.2437
194.3722
297.2372
24.0972
153.414
225.875
