49.0
128.0
261.0
235.0
324.0
24.0
353.0
137.0
360.0
138.0
263.0
301.0
234.0
125.0
287.0
215.0
149.0
283.0
323.0
171.0
152.0
42.0
31.0
30.0
371.0
357.0
171.0
272.0
207.0
242.0
268.0
259.0
351.0
69.0
300.0
160.0
337.0
178.0
82.0
351.0
371.0
344.0
126.0
261.0
63.0
216.0
5.0
243.0
19.0
70.0
165.0
128.0
176.0
282.0
32.0
90.0
223.0
183.0
229.0
266.0
347.0
148.0
42.0
86.0
257.0
289.0
111.0
395.0
193.0
326.0
16.0
268.0
197.0
14.0
124.0
377.0
181.0
307.0
224.0
278.0
58.0
44.0
311.0
64.0
235.0
30.0
307.0
13.0
104.0
21.0
148.0
292.0
70.0
21.0
34.0
98.0
152.0
318.0
175.0
173.0
