233.0316
152.6829
155.5507
108.4082
68.0962
103.8676
159.9075
143.2422
340.9084
303.4152
220.1098
302.6685
51.3966
59.3862
162.9585
313.9278
141.9388
305.3891
143.7
22.6349
308.1918
214.1384
270.5441
246.5702
321.271
54.2895
264.3424
356.3473
63.3979
209.4128
99.6997
345.4205
151.17
48.0044
164.862
226.6665
82.522
210.7114
180.4305
141.6738
61.9816
158.7479
37.662
394.1245
343.6623
83.1384
11.7595
333.6222
321.2206
264.7729
142.426
133.7752
109.2565
360.1211
96.5598
139.7684
83.4056
231.8051
178.6974
189.8032
114.9623
164.6028
92.397
194.925
68.139
60.7855
55.4923
79.4671
205.4189
334.0725
13.3509
328.4021
159.5607
391.8236
374.3312
74.7094
10.8567
302.6198
364.7051
99.8545
31.067
93.5958
289.3188
71.6334
4.6784
205.7971
216.2055
53.5986
166.9343
71.53
51.5847
213.7158
235.738
73.2989
196.9547
203.8497
193.0307
152.3533
303.3767
1.977
226.5072
306.0011
10.1113
344.6036
131.9921
19.3764
220.7536
27.6741
213.5594
114.4791
36.034
59.6856
75.433
56.947
110.5646
256.8616
242.0485
356.6075
280.7371
342.5259
193.1106
20.4251
216.334
136.1291
167.4787
127.9964
4.3939
129.6832
220.2625
343.4419
267.49
176.2113
301.2567
315.6034
88.0776
332.0023
211.0955
188.5604
344.3355
182.2448
218.8385
330.9548
148.5586
204.8474
108.6468
280.9773
321.2615
381.7441
307.2925
344.2951
28.1303
395.6226
355.6769
129.3544
302.9189
191.7291
108.7568
186.8348
370.6367
301.4203
374.195
117.9274
363.8934
34.6828
339.3378
365.3023
276.3414
234.0793
212.5168
187.0207
228.2703
55.7561
392.6537
347.5216
188.6103
28.2906
212.353
307.1632
10.2886
152.1308
178.6935
38.4957
250.6418
67.8858
170.2291
175.5766
68.8671
161.7372
338.3233
204.0698
35.8097
25.069
342.8207
339.4747
283.9876
151.8257
384.5049
23.6958
248.5075
198.8107
132.4144
257.4215
200.0342
362.6709
286.1879
348.7742
112.3574
295.3993
284.5113
320.9623
50.2648
150.0403
116.2503
343.4182
265.0566
295.0169
350.9341
253.1054
235.6733
65.8864
96.7228
26.4173
293.3507
311.9127
186.858
52.6712
281.9396
180.0912
303.8646
104.4577
381.5489
266.8892
167.386
111.4949
105.6419
373.3545
149.374
293.2899
129.1428
42.687
213.9703
308.3234
380.8255
129.9663
167.3048
32.0092
69.9719
300.6696
13.7498
314.1322
299.9426
379.1597
87.5524
269.9677
256.3983
365.0044
331.2255
42.3775
123.7717
125.6421
61.7235
309.863
145.5271
205.9222
250.1579
310.7973
325.1892
44.0779
78.8099
278.5695
152.4541
174.4477
282.0451
349.9113
131.9623
381.3045
124.9535
359.5266
385.0892
383.9334
313.9522
22.0712
360.1748
292.3763
140.751
353.804
69.9166
345.603
373.0121
128.4736
130.069
232.1257
241.8667
270.6194
144.6221
260.4916
384.7573
248.6261
243.0086
350.5418
348.8468
81.1925
243.2692
23.6974
301.1373
230.2533
222.5879
215.8213
215.4828
371.5816
353.5541
273.6986
377.1551
338.0561
276.9696
4.1518
284.5338
86.0573
362.3122
332.4866
54.2274
2.0707
352.9945
81.5263
94.8875
304.6151
119.7289
37.4904
314.8099
111.8745
36.3687
290.0694
9.8114
161.264
293.7438
26.5074
119.8338
391.6068
238.7777
109.7488
57.4469
249.3174
10.4044
135.0284
72.1619
111.5097
74.3651
263.8631
13.467
129.024
36.5816
130.2735
345.8233
77.2211
77.7355
262.8144
392.5547
219.6117
293.3697
160.879
269.154
93.3763
31.9877
24.7575
14.7554
62.6914
395.373
328.8845
387.3306
255.3938
131.8078
21.2297
169.8222
396.9286
146.6245
47.2
121.3074
328.2923
298.5926
205.9216
156.6771
316.3053
186.3371
120.3627
309.7907
241.2158
331.6645
23.37
87.5401
317.3203
356.5383
365.5006
332.4702
335.8584
71.9262
200.9184
213.7231
249.8943
211.3256
59.3318
331.2134
118.4039
276.531
395.5688
25.9712
373.7838
119.6729
179.6872
90.492
20.8496
69.0126
4.0587
55.4084
290.5879
63.8085
137.8806
48.0247
346.4417
313.5193
150.5701
71.7427
377.1177
38.1041
243.9164
260.9032
381.3972
63.0836
381.4841
194.3786
398.1161
7.651
215.5536
330.0832
11.1263
79.3127
211.2077
249.092
245.1953
58.6627
355.2897
168.237
247.0459
43.628
267.4798
371.8846
390.2907
94.7104
279.0182
10.5178
368.184
217.3185
57.0004
320.8039
281.107
229.5
89.2554
308.9054
167.5903
369.517
273.8965
156.4224
173.1253
215.2356
372.4687
147.7007
3.305
254.4751
280.6988
361.0622
225.4483
7.6483
118.8735
118.6917
124.5742
315.4608
370.4717
20.8798
144.9243
50.8713
287.1587
130.6932
62.19
332.2118
227.3502
395.1633
4.8082
26.0833
147.9946
48.2002
378.3089
231.4439
299.3452
209.6839
345.751
241.8006
398.3579
145.7372
201.6662
382.4719
75.9529
200.8562
386.4423
197.8741
178.9832
177.1339
377.1575
36.1224
362.2049
334.9455
387.6348
159.6926
114.538
35.0594
141.8018
40.3379
158.8984
104.9512
185.3719
310.8411
225.4578
368.0167
65.6593
160.2894
1.3353
329.2293
265.1763
188.4012
185.0261
368.1098
377.8822
254.8396
232.5677
330.213
160.151
160.3511
97.8521
343.4693
22.8178
103.3034
220.5175
346.3814
299.4795
343.6927
188.7345
188.4417
78.7195
167.8516
169.243
60.8939
248.5514
68.5342
279.9601
293.3556
98.9202
13.3913
281.2245
249.634
251.29
186.8614
124.9897
30.7908
62.4079
331.0796
239.3309
28.4527
368.6301
217.481
1.8019
58.1234
128.1231
210.6709
389.1497
90.7759
296.544
144.6048
204.32
36.5845
283.7521
298.4698
102.9971
184.3477
292.0414
348.9359
279.806
239.2971
29.7376
161.5494
335.9909
352.0909
397.4932
329.7104
53.4222
176.421
358.462
236.7101
278.8567
98.0353
89.5416
175.786
175.4429
110.7326
312.3614
314.3554
324.1937
318.1303
89.9356
161.0054
117.5243
30.9136
330.9897
297.8792
327.7919
190.528
279.5326
198.4256
109.1154
29.9959
234.2265
247.7396
146.2835
121.9172
49.5166
309.9113
308.6792
292.4635
360.7285
37.302
30.4663
50.9276
118.9369
264.4291
53.8786
118.5
298.3584
28.3452
291.8227
375.2102
215.231
367.7089
72.4264
29.5938
249.8521
347.0228
397.861
121.628
69.1516
144.1151
137.3214
29.8844
180.2086
238.5615
229.2967
87.8544
80.1511
12.6449
200.8349
40.775
114.4148
366.3136
313.8897
347.2556
311.957
106.5204
363.8632
166.3255
385.5568
20.04
284.0554
367.287
388.8284
189.1077
282.999
284.3385
239.7744
89.2361
170.7849
228.8472
100.7817
316.2186
216.4192
92.5843
370.75
123.6937
54.9709
74.7452
306.2498
211.21
389.2678
118.0696
323.8838
308.9816
360.6635
47.6045
304.5681
324.8128
8.5138
327.3052
323.2827
306.3751
167.4152
83.3402
327.1951
86.9365
318.6366
250.7417
152.6815
24.335
46.8063
277.6518
384.4832
39.1827
85.9466
132.7737
106.0778
201.7674
140.1077
203.6762
365.496
134.6026
172.3464
308.7944
68.1488
196.9778
45.4017
178.6024
223.8114
34.46
295.044
275.0657
330.8692
3.6441
397.2615
196.1114
209.7439
139.7258
370.2537
127.7828
77.1645
328.0156
268.5848
12.2598
83.3723
378.0225
264.1795
19.4919
22.171
186.3308
232.7853
383.8462
256.9738
263.2419
149.0997
237.5614
191.394
71.3058
196.8513
171.2423
220.9102
104.2404
313.19
300.2039
326.4562
129.2064
373.2543
160.5676
106.8065
296.5131
78.5929
93.5299
376.8823
319.5659
384.5184
208.0406
128.7678
264.0441
287.3585
101.5588
280.2025
167.3346
231.3484
360.7432
96.7598
369.3751
174.5236
204.7772
303.7653
300.377
300.1225
364.399
276.8659
90.2479
363.012
63.0826
165.0634
82.6058
86.4415
375.6464
254.573
24.0709
234.6393
302.862
232.4069
352.7352
309.2373
15.1759
216.7064
86.5724
183.1119
156.3897
343.918
39.6558
363.594
28.595
332.0709
301.4384
143.1806
148.1486
228.666
4.8185
13.4821
159.73
17.8199
202.3907
271.8139
171.5936
396.323
127.4694
358.6521
14.2357
245.5055
333.6975
121.2742
346.2565
159.4637
112.4367
313.392
367.3289
255.7801
16.0347
268.8839
54.577
205.6637
219.5062
141.2364
54.8651
315.421
383.9011
84.368
364.731
20.4561
84.1788
29.2302
357.922
363.6563
150.301
36.0101
108.4839
231.0838
94.1264
277.0212
210.6367
233.309
187.1376
386.8642
274.8271
111.511
375.0839
126.11
236.5048
294.3948
387.0738
283.0726
363.319
289.1889
334.5477
73.3306
129.8266
195.5673
167.7186
79.0915
192.5005
229.5141
287.3825
222.6814
80.7824
131.9029
133.7958
388.3954
250.4083
192.7406
11.0215
115.8221
2.2184
243.0127
171.6524
3.9376
355.4001
363.6751
27.596
200.5063
132.865
325.5559
371.517
252.7112
145.1265
199.5732
383.3779
386.138
185.4151
311.4861
43.7976
275.1361
70.9549
294.4512
4.0058
44.3892
233.703
23.8742
261.4179
209.32
370.9603
73.9377
26.0346
186.4327
339.7374
105.4566
350.889
336.4064
214.1086
240.1634
157.1915
274.8094
62.1935
169.5249
26.9488
35.2829
316.9297
319.5539
308.8345
276.6635
251.3419
201.8888
138.9733
390.9194
283.7497
322.178
385.257
343.8474
386.0358
399.3247
395.678
92.8429
225.3488
127.5796
66.5933
20.8158
250.0426
42.0761
305.1255
37.5911
150.9765
144.648
130.3405
241.5977
181.7014
380.6436
67.2874
177.3445
137.529
180.6025
81.213
90.5929
398.0272
388.0707
317.8596
342.2661
224.3708
360.9049
85.398
396.7024
216.1708
284.025
376.6642
297.7712
308.0402
8.5167
201.4466
258.0017
140.0678
23.0286
391.9914
65.166
368.5231
300.4932
136.8463
390.5309
92.8361
361.9836
315.7035
282.5148
4.4815
268.2808
398.0836
293.2419
317.5039
67.0725
352.3416
251.4498
219.7015
275.9937
62.7882
87.3855
113.0755
345.3747
264.1898
80.0468
162.6838
300.2852
240.2627
173.5161
17.9671
124.0246
339.5993
174.6076
120.4989
94.2855
295.4722
49.0554
200.2455
58.8894
201.0183
324.4176
135.0275
249.8311
107.508
48.0783
314.2703
218.1808
63.3092
323.3366
168.3188
54.7767
295.4878
216.3889
324.9241
247.4527
206.2541
226.9985
64.4288
163.2501
386.7742
15.8538
123.6606
305.3557
245.9073
392.2056
375.8049
131.1691
208.4869
56.2671
166.5069
334.7577
103.7514
210.2968
179.841
164.1014
240.7424
56.2363
351.7535
64.5799
92.8004
4.9441
250.2305
391.1428
191.2808
130.408
134.2511
46.6128
141.4153
151.655
335.9527
216.034
71.3233
104.7013
245.22
321.1229
228.561
393.1477
24.1043
64.5427
305.5273
356.7435
315.1629
205.9639
99.3196
167.8174
228.2052
66.3316
209.2681
195.3396
109.89
39.7386
325.2126
382.0777
122.8531
85.9802
156.5676
163.6974
278.6211
384.1815
32.038
251.4549
34.7849
165.6562
113.0701
3.0107
158.0205
335.8013
92.9134
254.6765
236.0743
359.9787
391.1011
147.2852
332.8879
205.4599
354.3221
40.8926
391.4085
328.9492
40.1339
132.3844
309.4627
190.3065
263.4715
289.1857
327.1061
345.2051
270.3714
369.8267
366.4118
59.9029
109.739
361.5768
104.5254
299.4576
327.7275
157.4553
158.6166
285.7979
15.7241
223.7211
186.4124
83.642
281.5208
139.4279
15.0515
121.1285
350.5502
200.4938
219.4805
140.2204
9.3701
132.9363
71.2542
149.189
86.6019
265.4862
358.8181
311.5579
294.5048
250.5664
171.3897
302.9657
249.8694
340.7888
141.9364
111.4783
127.6685
87.5786
76.8005
197.4062
359.2843
267.2101
42.3124
367.9568
254.2568
85.6921
106.4548
318.0379
5.7154
113.9308
132.4502
268.7803
295.2117
394.4545
398.7729
72.7824
148.255
186.9288
315.6918
378.8205
375.3435
294.8157
379.6509
187.6859
340.3221
71.3473
94.1739
327.2412
93.3767
13.277
29.2762
12.0968
373.7853
383.9915
106.2867
281.6012
226.6423
168.1445
38.1269
168.2472
89.0226
75.4614
294.6567
203.9114
337.9075
76.6948
288.0505
119.249
290.7978
10.3806
80.8029
202.3691
92.5934
226.5563
54.9624
196.8218
195.6185
4.9346
290.2527
195.3445
320.3758
204.5571
27.5008
103.7943
372.5772
283.5811
341.3551
53.4667
290.1262
294.1589
7.0607
320.4578
70.3622
210.7268
320.4032
325.8812
291.0504
312.8799
272.2382
369.7945
220.6287
180.4778
214.8333
285.8295
142.0494
214.6874
80.6297
294.3134
203.3061
383.8412
229.374
252.6563
94.6233
312.4276
288.6077
143.5514
86.1304
299.2073
267.2656
282.5628
259.9381
19.7678
268.43
263.0746
191.9187
164.1357
166.4129
309.6169
324.2586
181.8399
64.8178
387.091
343.3021
354.7313
364.7477
35.9185
3.7008
183.4996
29.4931
352.9132
39.1257
238.2153
57.0032
174.7263
164.6668
390.7038
385.2814
262.3294
394.9755
190.1629
76.5198
230.5797
323.2767
344.2118
110.4531
148.8041
393.0493
327.9851
235.9664
264.3411
151.6413
224.9324
122.6515
356.1202
319.0707
364.2809
173.4416
168.0897
163.2833
307.3185
295.6532
247.5352
45.728
91.4728
337.0554
380.5369
86.4738
73.8143
119.6179
247.4429
153.5062
257.7757
255.823
73.3548
183.5543
157.8408
333.4845
89.3042
165.8814
160.0641
2.5821
21.1036
221.7564
254.0374
258.8425
30.6264
175.2212
192.6435
19.7695
29.9701
50.7911
352.5611
309.5651
175.0623
207.1638
375.9125
355.6297
234.3562
217.1366
244.7745
219.4905
335.2802
29.1089
111.3331
24.2817
300.0565
156.3588
48.6794
273.7279
125.3351
343.8415
26.1472
279.0606
133.5733
289.5639
194.7859
249.1869
386.2313
28.08
105.5786
180.8052
38.7746
142.1287
98.4961
26.9254
27.0349
316.1313
239.4379
272.3786
299.8031
134.586
42.0908
372.5783
383.5514
122.8206
384.2209
113.8201
397.8118
32.6561
242.1485
162.2298
184.8114
109.5492
350.8948
377.4969
396.5135
221.0096
6.6529
123.7351
116.5645
359.1107
229.4116
349.5817
74.6863
83.2381
245.57
113.9373
302.3787
222.866
8.0179
341.3391
157.2668
154.9848
115.2293
387.1257
100.9015
263.1509
278.0432
270.7027
289.7596
375.9776
77.545
223.7896
34.7131
31.1917
198.1181
196.3963
328.1362
240.6176
55.3368
139.7461
356.1124
390.8937
300.5672
58.7809
355.2974
176.9761
41.6563
233.6464
273.9908
22.7624
76.6576
145.6328
266.9057
40.4821
319.8277
322.4549
11.9373
137.7885
40.0336
341.0177
271.1377
78.7469
136.5389
337.3724
47.4349
389.4693
327.597
176.4121
84.6009
371.0182
341.6444
272.0454
114.093
399.1138
337.2915
248.9148
65.028
257.4005
339.3983
137.9709
154.1171
246.8891
397.6415
112.7674
319.9037
165.295
176.6041
29.296
378.8898
25.974
107.4167
237.7233
378.2395
362.403
399.8297
61.4718
69.8768
200.0485
280.3142
98.9354
378.7924
388.7653
182.1618
134.3101
304.7356
309.0285
100.6041
45.768
262.7258
32.1592
27.0935
316.5721
191.4995
7.4634
113.9473
216.9536
274.9952
241.0789
231.2451
269.3879
251.6432
190.5207
341.033
130.7227
146.3769
375.3445
106.1932
25.4683
130.6294
91.3177
140.8409
127.3994
34.886
100.4571
99.2959
10.7812
288.406
361.7642
254.4432
47.4527
350.8703
154.0459
18.1058
233.5469
78.2244
219.5814
388.3994
109.0307
127.2888
37.6605
78.8113
195.3849
270.4809
240.8671
317.4189
225.0318
293.2154
312.4275
78.6115
100.33
42.1592
169.7737
307.6155
172.6446
313.6266
229.3853
326.5843
267.9617
310.3504
288.4589
346.8325
341.7223
311.53
173.598
265.1714
14.6133
182.6844
176.2287
248.4978
44.2386
6.8061
255.3974
28.5859
342.5103
116.3845
63.7773
181.3127
179.8966
18.9337
309.9787
45.3431
336.7688
17.6399
167.0553
92.9418
145.4433
181.4697
89.1291
93.12
57.3323
60.8343
348.8162
106.1645
10.2191
256.7365
98.0174
16.7328
371.4022
22.718
304.7467
265.3252
109.3891
270.4608
307.7911
275.6
104.5654
59.2571
391.05
194.5029
258.5586
248.9413
195.1263
3.6397
45.2222
268.6894
366.3533
126.7312
353.6679
349.0851
326.7908
280.6108
62.1722
328.6943
309.7116
84.0355
117.8262
300.758
126.7425
94.4786
27.3945
179.3371
102.2405
40.9117
304.8849
90.9194
124.0732
201.8838
391.6124
354.4034
375.5612
200.5328
125.6684
228.6813
74.9364
299.8978
26.6515
118.8989
394.6389
100.8672
136.1215
281.1668
297.4864
35.3556
168.4652
369.9491
158.0718
353.1412
238.7277
162.0257
23.7494
1.4332
327.7135
22.5575
373.8871
144.5992
82.9233
180.4547
118.0919
68.4063
207.4278
57.8226
65.1014
61.871
118.3018
395.7885
63.3776
16.2468
261.3046
308.2457
32.6582
280.1459
8.9384
390.6983
266.4955
175.4804
5.7184
10.5192
144.5736
132.5003
242.7257
66.3601
176.1315
64.422
83.0844
83.9848
145.2622
32.8394
304.3825
99.2008
242.2829
1.3046
83.8198
340.6451
363.7987
153.7982
53.6336
150.3264
21.9118
232.0218
137.5281
83.6547
84.7876
55.2544
387.7691
228.9858
92.0192
325.5481
131.7747
183.7679
188.1811
149.4137
330.5944
207.2817
12.8422
192.8856
244.5195
312.5443
317.6192
89.1573
262.3135
357.5804
184.4217
112.9916
125.7147
326.0238
76.2762
168.7014
131.834
94.753
278.4432
130.2266
311.2553
136.2258
391.5365
328.3337
207.4249
67.9871
281.0912
160.9632
118.6069
81.582
204.5945
142.2951
381.9061
108.1969
299.7326
178.5979
6.8375
357.213
214.7737
38.3359
224.3817
203.0998
73.3502
124.4851
230.4007
163.3501
227.559
296.9397
6.0447
330.1514
131.2262
274.4264
36.9338
192.9256
315.3771
105.4664
326.6762
302.955
13.3593
113.0553
297.0301
29.5494
365.5765
163.7243
72.4634
98.918
219.1988
38.0938
120.8283
7.059
70.096
381.905
350.7794
339.2942
306.9177
73.0968
277.7453
20.9206
234.0781
10.4195
253.1319
397.967
228.0557
78.058
398.7643
341.6279
332.89
119.7407
82.933
155.9173
68.1611
291.6784
238.2309
373.2616
284.9675
170.0941
160.5592
132.6788
124.0905
130.0387
283.1417
361.9921
224.7078
300.2379
377.7415
257.8197
346.4319
52.4196
6.831
81.9316
363.151
77.8283
149.611
38.9595
47.5787
32.9194
171.2934
171.2416
363.9894
299.1697
312.854
261.9678
242.3557
232.1577
316.6055
87.2693
39.7767
133.4192
200.9143
116.9182
239.7524
9.9773
128.003
395.186
16.9027
279.8385
249.7844
366.7984
107.9683
349.8426
149.0907
94.8877
96.9156
379.2198
189.3712
41.0262
156.6742
108.7352
104.8449
141.4508
1.2171
263.2767
13.154
275.3205
291.1168
31.0877
202.8583
386.4728
339.4155
57.0913
232.1629
101.4947
126.5488
245.4482
328.3631
361.221
129.5245
330.5341
259.2215
299.6594
204.2527
151.7674
315.2881
34.4289
325.3553
378.845
62.284
147.1913
157.0298
380.0977
123.4763
68.0624
166.2794
226.5657
278.0135
65.3639
292.5614
392.1819
379.0189
164.3472
135.7942
54.3124
392.6383
31.6063
224.4853
86.7291
337.65
296.5455
320.4833
274.5108
67.9429
370.1839
57.5414
381.7664
104.2759
47.3935
74.2328
342.8169
179.515
32.1856
79.7224
368.2946
314.3649
309.5698
101.819
84.539
103.9835
301.3719
36.2629
296.4165
295.5454
256.6313
7.8993
130.3374
368.0919
122.6109
56.0675
303.5007
293.9527
36.6648
144.6132
353.7146
210.6635
83.1794
373.4946
28.2282
393.9459
199.7627
392.905
65.0032
364.7312
172.0462
14.338
73.2969
188.7697
398.1711
228.1133
353.5781
15.0232
280.2694
243.0787
225.5851
356.1793
108.8713
28.4811
80.5834
272.1625
195.5082
9.5328
147.1934
374.5876
375.234
230.239
79.7132
264.5664
316.753
382.3463
325.1401
225.6189
183.1554
217.4079
101.2812
349.3975
52.1448
134.1109
394.4152
272.4987
146.1402
369.6629
290.9608
34.1772
89.6278
240.8156
84.8414
142.5652
292.598
9.5083
383.8133
149.6096
136.3141
393.5723
283.4713
280.5162
157.681
340.4605
204.6294
203.8112
311.7967
77.2253
5.7307
328.6114
247.8978
192.7452
80.1217
258.2595
19.9739
130.606
311.8314
240.8251
227.0825
396.2989
259.1542
373.068
84.4189
318.0401
135.4516
102.3689
165.2616
377.6769
153.4851
108.4496
155.3276
331.9808
139.6005
231.0018
50.249
231.8661
352.2612
307.2512
111.0015
337.1949
366.3827
150.9262
147.8732
29.2277
324.2035
52.9505
222.196
22.5797
179.0808
295.4131
159.4944
44.576
224.5362
187.3531
354.9807
266.0446
379.9574
73.1612
360.9206
255.3235
339.7397
31.4572
164.4193
398.4785
81.9066
103.3474
285.458
321.2136
81.1624
259.2298
157.5848
311.7561
280.7213
297.4259
237.9529
144.3859
54.305
2.5356
341.1307
24.7331
380.9074
79.718
261.1794
363.3428
219.7196
372.4616
181.397
44.0266
301.4347
255.5803
346.4627
172.938
151.0334
320.486
296.083
194.2314
63.5091
85.0365
150.7925
312.508
184.1034
211.4816
123.3119
192.4067
252.3848
363.1463
10.8323
397.373
79.4313
28.5524
36.0471
71.2555
188.5139
51.3268
4.4282
129.3758
190.4831
209.1259
16.9953
226.3411
115.3098
158.4517
283.436
263.4034
345.1971
90.4522
340.1129
328.4141
207.2259
115.0767
193.033
89.2446
63.3729
350.2146
213.0398
57.2431
187.8874
119.931
272.274
19.7302
81.9436
352.3629
8.1749
387.7296
376.8873
397.7489
318.9139
37.9123
12.6244
14.1153
349.841
229.9965
122.9183
381.8954
378.6857
221.6161
383.1178
228.9058
36.1182
323.5386
308.6568
119.7023
321.397
211.3161
275.1181
353.2803
222.3592
143.7847
341.8234
256.9718
53.9741
253.4376
87.9313
202.987
240.2866
342.7834
74.6332
186.9877
297.116
216.5506
122.5514
110.7504
344.4717
38.6554
119.7461
389.2315
40.2402
323.4109
342.1454
317.813
265.4821
28.3613
288.6915
16.2072
374.8116
33.1876
44.0367
334.414
100.8094
200.8028
78.278
89.4777
234.9933
318.67
220.5882
83.8128
276.8465
43.9239
299.216
21.4825
49.2873
127.518
212.27
273.2438
188.4759
309.2976
189.743
88.2088
320.5282
299.0892
173.6917
85.2612
19.8141
115.0092
213.2633
215.4711
263.3499
288.2672
79.336
316.573
198.8071
35.8682
190.6676
276.2889
157.0914
44.4972
369.2929
165.2698
395.5534
293.2885
35.153
150.6925
341.6828
205.8498
6.5209
210.4112
323.055
322.2603
383.7668
282.4424
248.3378
169.9024
13.5801
147.7979
184.3164
24.1011
128.7267
359.1691
85.7972
171.3007
240.6528
369.8339
8.8026
227.1679
196.9234
245.282
56.9195
210.1033
320.5965
174.4111
271.898
139.6226
22.8545
383.6316
141.3132
295.1619
4.3169
316.3599
315.3552
353.5135
27.0268
1.2921
10.7925
27.6899
230.4123
96.711
213.0538
328.5328
221.813
282.1638
6.3736
204.1766
162.9822
157.231
237.0414
59.1966
196.0177
255.011
384.4944
115.3681
286.0662
246.3826
71.7587
169.3201
78.5533
182.3056
291.454
41.8936
290.895
189.2928
319.1004
9.1977
391.0458
158.1327
296.9805
143.6289
286.102
143.8834
109.5709
244.4719
350.1579
49.9171
21.3318
278.5428
271.0929
192.1434
149.844
129.327
240.0067
118.3049
392.531
284.9126
193.8012
391.9707
252.9964
229.0271
357.5495
237.9682
334.6309
93.1515
112.7793
191.3153
199.2632
357.5964
260.739
53.7829
93.3398
268.7799
2.7823
286.2802
287.7288
202.3356
87.2523
232.7391
350.3935
107.2913
272.514
387.1148
333.1636
355.2021
127.8477
232.6508
140.9523
324.5137
398.434
345.5355
218.7273
13.9309
267.4596
116.7127
339.0277
193.3982
139.5548
391.4036
74.3299
366.7174
198.0169
205.1384
62.5958
134.1817
336.1715
30.5822
164.4637
211.5479
267.9803
75.4872
331.4433
347.7258
36.7505
80.7489
154.6352
238.7152
26.4626
38.4249
263.6516
99.311
350.1081
147.1094
11.4513
9.6296
93.9767
76.8923
75.5514
234.6923
150.6789
89.5978
121.4785
306.4402
189.2838
287.9215
315.6586
98.5498
156.1916
280.8213
195.9932
356.2144
362.8886
132.9444
26.3352
379.7785
302.2108
7.9327
334.0972
112.0139
271.7141
71.3413
339.7178
52.4931
148.4175
261.1625
3.8248
350.8964
352.5956
224.5739
33.8448
88.7504
132.9101
154.8677
314.5745
392.1051
137.8863
133.4933
18.1711
112.1937
384.3848
364.1984
364.6009
357.2981
225.0629
1.1139
357.5795
85.5515
90.0114
102.2237
6.3704
299.0581
311.4509
330.0773
391.5071
333.6153
82.2846
183.7995
104.7604
275.4123
183.4813
90.2128
146.9507
325.0174
116.4851
363.0514
351.9614
53.6405
302.6906
232.5271
109.0916
35.1503
206.0135
137.0837
397.1294
55.3689
295.4749
248.6701
189.6903
338.5456
381.1654
352.3738
349.3377
79.0971
239.6715
29.7719
180.0158
245.9421
23.5433
136.4535
54.6127
13.2127
22.8571
169.2851
355.4507
135.5615
293.7792
385.6305
197.3319
208.6452
162.319
146.9056
352.7429
39.3541
146.7459
255.0863
24.7439
242.5203
233.9778
104.1292
138.7944
70.4507
208.2513
111.687
329.8874
118.1702
357.9808
190.13
70.6047
344.7388
239.8125
358.7003
174.8577
5.2093
213.2708
396.6193
109.2199
324.0207
195.1853
104.0529
75.2995
218.0447
370.0596
379.9633
142.6972
342.1639
51.3162
8.3919
320.2613
358.102
251.3437
29.0866
235.7928
83.1876
364.8254
225.787
38.16
339.5581
321.8286
88.5236
274.6137
376.1112
45.9534
156.8609
383.2355
38.9381
92.442
90.7384
348.93
387.9214
294.8444
324.8041
320.5318
382.6299
286.5407
77.3525
17.0638
250.0173
316.7697
354.5795
14.1392
135.1456
356.4912
182.6398
346.9338
25.8856
277.5153
280.6982
253.4815
30.0936
15.7289
66.4903
62.4333
155.8165
129.1198
115.1248
387.6341
177.9535
359.479
219.4194
127.6298
135.8014
323.076
277.4155
172.4713
172.258
331.4623
302.0039
192.1251
305.2731
198.4443
267.3684
296.5509
362.5026
85.7718
94.9342
368.0038
319.4626
357.5114
324.5011
121.3839
48.335
278.5027
233.321
383.1833
191.6659
149.6623
226.5847
366.9546
86.5101
173.4512
28.5572
191.1048
220.9861
310.8839
252.1331
123.1419
242.7139
79.1783
260.056
140.2283
27.9334
283.8075
6.1912
307.9396
133.2053
210.3116
62.4312
264.8343
266.1696
277.782
372.3966
237.1382
101.0287
114.4128
374.0791
172.6135
110.9918
361.3671
63.3006
118.6259
257.8302
18.25
273.5576
152.3537
29.5285
202.0941
340.2029
111.4156
92.8568
344.7851
149.1896
156.7904
280.1503
195.0661
26.8488
19.5157
161.9674
162.7367
222.7077
189.0592
28.9812
192.4792
313.5383
302.6166
142.4717
300.6915
226.032
236.692
106.8503
140.0145
328.9069
174.2909
153.6715
48.3033
302.4041
290.3179
12.1464
188.0669
138.2652
109.4674
93.5582
379.9415
355.405
272.7516
255.06
263.7977
309.1739
247.7832
287.1181
69.6077
239.5955
45.2477
337.7481
251.0208
360.0445
87.3372
173.0064
374.0681
77.0196
216.8047
215.6213
70.7496
100.7958
245.0506
311.1593
271.6269
299.5072
67.8368
321.9809
359.8978
285.1437
55.9475
60.5812
63.6225
21.0539
89.5741
27.0865
137.5741
320.1054
272.2803
322.0012
82.2076
108.3801
212.825
206.7933
155.3373
293.8558
326.4624
322.927
19.3638
319.187
92.1515
110.1236
90.638
323.2964
201.8118
117.6727
304.5709
66.0363
260.1991
142.485
348.2457
141.5691
350.7108
37.6257
115.9783
141.4441
363.2553
131.2211
145.0002
273.1736
354.6277
95.534
233.9076
203.2913
94.9995
387.3189
141.6613
353.9089
77.3466
60.3888
105.3165
141.998
309.4246
163.5743
307.1999
2.346
131.3899
90.8068
335.9329
103.2254
10.7988
151.8517
390.8644
35.8847
164.8803
283.636
97.5495
34.724
291.4293
339.4038
259.529
5.4649
49.9334
248.5075
305.5884
34.7312
243.9989
331.7527
314.0559
93.121
185.9023
145.1253
86.3908
11.8645
373.8303
345.9948
62.1117
151.3931
76.1179
28.1412
389.8013
125.5489
100.7108
27.5899
229.0729
394.2016
54.7157
340.1512
258.5927
298.5917
354.5397
188.3613
47.966
82.5025
156.453
258.8254
138.8251
97.8753
349.4136
128.869
374.4684
44.8871
284.1626
127.2923
105.0889
251.0567
242.283
382.6136
121.4823
335.0536
113.4133
155.624
168.4139
336.9244
15.3615
191.0898
198.8947
7.7284
7.6127
75.1771
343.1861
373.9107
224.0305
384.9176
30.4365
51.0615
215.5869
397.293
43.7985
194.8467
161.6656
252.6032
126.8637
176.646
275.6814
242.9561
389.1969
262.949
86.2966
113.6209
187.7009
163.5684
81.6234
70.439
372.7005
201.6287
145.4155
128.8779
363.8225
63.3092
4.5907
388.1442
266.0147
182.8151
261.8128
232.5172
250.7097
319.489
151.7351
174.9786
264.5943
367.9005
64.5826
230.54
273.4684
78.1064
224.367
393.9487
267.5877
59.2707
49.9534
309.4418
395.7479
311.846
81.1697
259.5859
336.429
60.5752
55.6762
349.6305
135.346
10.0788
40.812
372.7146
153.282
354.0729
303.3633
86.0534
171.9923
138.5882
21.0933
91.0855
2.4094
136.8938
303.2968
95.618
146.9529
265.9825
70.6479
128.3505
101.9763
338.8747
130.0364
277.0334
180.6932
252.1689
188.1454
217.7562
161.7735
15.347
75.3733
397.9788
267.3168
46.8481
205.9594
252.1385
106.0341
157.3721
342.4803
62.7895
63.9878
249.6295
153.5172
123.3874
158.2728
329.3938
101.5018
23.9958
321.701
80.0279
260.0399
65.7317
100.3571
373.6431
376.3164
256.5637
141.0239
178.803
97.7855
173.0203
72.7355
100.6924
151.6602
213.4343
368.0966
198.0827
341.8592
362.659
216.8349
111.6621
320.5614
17.6665
239.9894
202.2084
277.668
70.5278
178.4298
25.7253
335.7907
242.9505
170.5828
340.5197
214.6401
223.3067
126.7243
75.3648
156.002
155.9072
133.6913
106.5037
256.1281
156.9224
332.4679
316.2246
352.7158
245.4231
83.1086
325.3394
313.2347
285.5469
150.656
184.758
56.7577
396.2039
104.8417
138.8465
254.9388
326.1821
77.4489
72.0897
398.309
292.7273
136.1445
240.8413
329.9786
327.2515
134.4373
47.4985
82.7579
352.6036
154.7573
398.5157
108.6464
67.7529
45.8953
325.3581
361.9997
29.2891
393.8319
298.4095
200.9615
359.5022
5.6992
182.7125
92.3897
119.7712
131.3395
38.3491
276.793
50.4251
55.3856
398.2688
91.8644
120.0728
16.4974
38.6954
168.6236
16.5037
82.3492
322.4444
358.5956
112.5925
139.9777
37.5291
293.7679
54.0957
287.5341
204.321
29.4695
27.8906
148.4104
187.6598
233.2221
278.1029
230.4103
358.3321
204.6345
328.7833
78.9952
38.5993
369.9736
275.6336
315.8088
337.9198
153.3347
203.0624
79.6557
329.7489
272.4052
2.8011
255.3796
81.0588
22.151
237.3931
18.2619
87.5552
203.4661
122.5749
286.5222
364.4754
321.9597
213.6023
290.2484
136.905
392.8652
54.3608
226.7483
117.3503
274.1985
309.3988
252.5887
341.9138
280.4734
145.3652
362.4987
325.8451
102.445
313.8985
279.2461
198.3055
384.0789
7.9485
127.3666
95.5302
255.8847
270.511
343.9531
310.531
77.9668
253.0793
358.4308
133.718
145.959
299.0901
176.6647
97.3063
320.1257
191.1054
362.9605
121.1265
82.8989
192.5468
237.9394
102.1709
21.1011
309.4452
127.1444
269.6791
72.9867
220.4131
122.8159
228.5933
317.1832
67.7471
172.6161
206.0886
120.4637
341.803
76.9452
64.7014
102.5369
69.6702
136.0275
97.9822
380.0824
261.2469
91.3523
204.2693
133.757
280.6105
142.9366
222.3425
21.3396
93.0567
127.6506
345.8592
343.6244
112.8948
103.1398
363.0736
198.3203
361.9232
280.6852
394.7755
326.9885
153.7937
347.1899
102.8127
388.7962
138.8531
9.5176
184.3403
306.6441
14.3043
77.8422
319.9173
92.865
162.5788
300.3809
300.804
252.6221
384.1225
130.4837
52.9814
153.7494
82.4503
264.968
399.781
288.4307
327.6469
112.1838
323.9851
56.9643
144.291
395.5196
362.6382
28.4304
73.3587
283.7493
157.0494
49.398
326.4673
291.3812
127.0934
295.2722
94.5558
147.6823
53.9945
79.0143
246.9448
336.5071
236.444
26.3435
117.7445
167.4129
232.0389
265.8669
213.7226
110.1366
85.1123
255.5784
50.6803
352.0968
101.6283
281.3955
294.3085
38.9946
371.4473
367.0994
369.3935
226.4731
44.5222
93.7821
122.5681
323.9785
52.4129
145.2466
283.7749
224.7857
94.3076
340.4206
328.3308
309.0209
261.648
109.6058
28.6229
128.9798
66.8754
302.0306
278.6051
277.8643
154.4639
146.4335
226.4933
163.4632
294.3796
397.2319
390.8118
68.8481
314.3263
310.4071
262.7259
23.0897
231.31
264.4934
82.3345
292.8441
214.3285
195.9704
188.5985
164.2249
104.4491
384.1406
332.6004
262.8101
173.5724
4.3743
154.7185
376.2326
32.3553
306.8844
312.7483
391.1774
296.9871
169.346
328.3465
68.8995
378.6811
270.0905
254.7761
204.3306
324.4114
338.6542
183.1634
112.4245
15.3902
237.9633
66.0627
242.9836
152.257
306.6561
254.622
283.3766
242.566
374.5402
393.9421
178.6218
315.6011
134.55
110.0963
259.7757
279.9701
139.0146
162.556
257.6874
350.2611
192.5607
45.2302
110.7868
198.221
52.6153
354.2886
391.0867
104.6859
137.5928
29.9649
207.4089
111.8116
112.821
343.7414
243.3798
76.1697
11.2801
355.1938
205.1159
16.8908
381.0234
3.1856
136.7192
307.9799
154.2519
7.7444
75.9305
60.2604
130.181
360.0138
303.8142
18.657
10.0716
66.5214
259.8719
164.1968
241.3376
99.0943
165.7201
322.0684
5.2722
290.706
40.4787
322.8809
271.1364
185.1915
369.7326
148.2557
227.2534
101.3225
212.0834
239.9199
237.7603
1.0956
131.0851
272.5148
210.1119
38.92
131.9913
58.697
140.9595
236.7747
111.4396
328.6736
32.9446
42.1055
83.394
6.925
211.9194
383.01
80.4053
102.235
22.7832
217.3927
231.6253
213.8187
153.582
201.6268
99.8481
163.6821
238.2855
71.5486
174.9407
127.2441
103.8336
324.3713
218.2943
178.4738
44.0202
154.603
69.9766
202.4586
152.1702
178.9655
116.0649
59.0056
194.8193
32.922
71.3019
33.7365
198.3983
249.8662
92.231
385.1241
6.2181
282.7852
65.592
65.4634
254.3651
106.6675
253.3808
234.2827
48.9185
388.0012
291.3291
279.3636
148.5154
125.5757
71.6481
144.4747
169.1492
67.3775
362.8203
280.8234
206.1994
385.7248
214.2177
174.3727
158.7172
379.8955
45.6152
357.6659
146.1367
125.5317
353.1823
98.915
326.2996
227.9525
389.5861
20.5298
303.084
141.205
139.6216
324.4425
37.3766
177.3417
60.2987
184.2127
259.2737
310.0226
317.6595
119.4172
128.0827
253.9922
42.6493
253.2547
73.0958
78.1544
93.8649
201.6033
389.9901
174.5904
313.9832
352.2649
349.0684
170.1339
263.0858
19.0356
186.0725
176.562
55.4423
301.9907
60.0389
281.5559
254.5277
187.3118
149.3038
103.662
395.3585
104.9954
181.2548
4.4766
76.8407
298.3811
334.2818
29.7188
324.8235
14.7492
78.8078
85.354
351.6042
233.0235
180.6723
249.5219
335.3474
351.8839
186.7215
170.2086
369.0369
78.4451
366.4289
160.5754
367.0262
103.2559
351.4574
120.5748
267.7072
49.2172
28.4438
59.823
211.8811
93.6026
140.0459
156.2954
299.117
138.4937
398.9399
132.6169
357.7334
50.4822
230.568
4.2485
156.4912
25.9792
383.0656
85.9948
122.9654
277.472
271.2083
231.5675
334.6545
256.5447
374.3341
138.801
57.6433
96.2234
157.655
294.674
50.319
109.9733
142.0854
270.9507
34.694
176.064
342.3097
115.0225
364.613
16.7089
392.285
370.1068
166.3715
125.6175
40.0707
262.0329
356.8674
309.5696
112.4567
230.4362
118.1143
172.5674
57.8065
377.4152
90.3194
250.3893
188.6841
261.2505
389.5965
213.6128
355.5778
162.9672
186.7722
240.4646
77.0844
184.8904
19.4786
226.3107
62.6721
85.1259
275.5056
203.0732
60.4497
185.6799
189.6027
344.5345
110.4532
202.5161
78.9562
238.656
136.723
46.4488
318.0424
175.0835
369.1664
383.6829
151.8367
351.6231
351.7117
328.5095
308.3094
234.5413
57.0993
23.8857
26.8262
214.1735
194.3231
237.7121
204.8392
26.1139
203.0404
80.3543
113.1775
250.7524
315.7759
40.8268
96.855
188.1068
123.9399
156.3122
2.4725
379.6549
233.1607
140.6307
354.2105
40.8261
79.0283
81.6166
63.0972
87.0811
109.9133
165.6437
241.5131
188.5746
201.8956
393.1368
43.6531
339.4727
326.3596
95.5697
365.3988
111.0347
206.2641
357.8427
84.3641
154.7615
74.5212
41.0277
168.1689
54.2164
203.0903
3.6608
24.7319
252.6514
127.5073
203.4726
326.7754
24.8379
370.2114
394.9826
42.6018
225.8975
84.0828
91.0343
113.6664
79.0838
361.2161
289.8269
48.01
177.598
276.8545
376.47
379.5231
295.1592
293.7842
123.0426
102.3564
191.4507
253.6999
377.675
369.4163
165.9948
332.9079
158.3049
352.1469
332.1277
30.8355
163.4983
128.6545
244.4554
14.3065
230.9439
182.304
337.2161
73.4482
313.9413
236.013
136.6831
207.347
235.8877
106.3534
264.5982
151.2163
78.6632
48.484
63.3644
11.4772
281.976
46.9189
188.2309
225.2696
126.1259
15.3734
169.2463
292.5006
60.3805
376.8968
259.8858
14.4179
27.9397
317.2689
278.4346
71.6116
57.4503
184.4684
101.8072
104.8087
252.9321
274.7595
180.151
122.2505
228.3681
234.6989
88.2374
323.9338
206.6314
194.181
269.8011
172.2601
237.6125
51.5739
141.2536
363.4455
308.3102
212.8315
76.0768
260.882
349.3663
80.0627
37.307
332.8006
287.0715
82.5602
180.5445
175.4288
384.4798
327.9387
313.6846
252.4609
214.1467
93.624
241.668
144.7495
168.7692
98.2076
350.9533
126.7784
282.883
156.0778
368.3537
42.1127
48.9256
325.5869
372.6799
26.7371
386.6807
194.809
59.69
43.8367
335.3321
36.9875
303.0711
188.8862
255.0627
320.5309
84.1274
5.9005
64.9962
375.7192
80.5685
298.5722
201.8444
312.0855
252.5492
10.5888
110.6337
57.5382
308.48
246.5828
348.2291
19.9071
179.7095
225.0652
342.0181
365.0108
275.1747
206.9651
90.3691
73.697
159.2041
231.0203
126.7195
154.8427
15.5942
290.9445
178.3764
205.5255
1.0327
5.0079
244.2255
12.8947
170.2511
315.6221
262.1842
307.4298
187.9781
201.3539
95.2663
361.4967
39.3343
267.3802
250.37
146.365
319.3353
344.8909
26.5563
372.704
100.0635
266.7654
60.3527
175.0218
236.8399
5.7973
314.6871
362.959
202.3761
290.7571
270.3401
124.2527
224.882
271.5686
236.4931
208.1769
39.0002
51.8219
56.3187
390.8022
97.4061
55.1641
286.3884
88.3743
206.6234
356.4153
28.4195
11.1482
148.5712
308.6806
186.2968
353.7519
147.9307
33.392
178.05
315.7933
139.6208
164.3791
95.6552
173.7367
31.5387
238.2075
310.292
121.4101
32.9235
309.2364
331.8043
168.5268
282.0471
12.1406
270.8909
160.5776
57.5721
85.6955
41.4605
264.3322
347.7493
321.1379
95.0059
119.7291
347.926
237.8774
106.1571
265.1233
277.9185
347.5111
7.6863
242.1527
27.5171
107.1338
162.8506
251.1333
386.6684
325.924
387.5584
364.9751
72.1416
83.0368
208.6564
15.1857
195.7006
217.7797
144.3578
119.8297
287.8982
26.7812
193.7676
19.533
1.1504
110.2896
195.7083
219.7101
327.687
71.4629
207.8961
206.8336
381.4479
165.0185
271.7183
144.2427
334.06
32.6547
95.6639
86.4922
189.2467
176.5561
193.7871
148.7058
390.0875
88.8182
323.3072
179.091
100.0859
39.0247
158.7003
182.298
76.7346
213.8425
246.7321
59.4207
86.5141
312.0594
260.7972
39.1369
24.9547
48.9523
11.8374
142.4328
55.9308
119.3247
297.0015
147.8319
127.2544
369.4877
153.0752
123.1246
48.3706
43.872
165.8637
290.4814
105.3105
29.3192
259.7029
254.1662
84.8958
318.6853
383.8976
225.6278
278.7378
16.4748
316.06
319.5971
284.3596
48.1767
337.4225
377.4477
251.3019
218.0064
43.5819
217.2542
241.6223
131.1532
144.9502
222.876
42.5597
249.2949
372.6063
26.0681
240.2259
376.3662
51.6697
286.6986
375.9712
100.981
354.1224
312.3736
260.9054
165.7557
102.4836
316.8036
394.8849
327.5446
277.9956
223.3557
163.0409
165.4726
161.8744
218.7354
247.8471
253.2426
55.4123
11.8982
256.7358
399.7773
98.9195
199.2716
216.1542
243.2757
177.5912
248.355
275.6249
95.8905
200.5843
93.9593
73.3467
383.7243
156.6914
207.0205
23.1642
234.2567
198.7952
160.2785
256.2804
262.1206
151.3765
212.0662
146.8209
81.9778
12.5138
367.4977
239.1325
328.7761
379.353
295.8162
52.1557
21.2109
278.0288
317.6807
154.0959
136.5299
234.7066
238.3593
239.3002
93.6659
178.0872
98.1789
113.0559
273.5642
399.5876
289.6048
82.5046
176.4079
65.8666
174.3671
28.5036
380.9979
222.9051
189.5006
121.7944
63.4993
205.3465
286.191
88.455
276.9381
94.9264
41.96
253.8037
232.5738
132.5512
73.9514
102.8062
333.0396
273.827
301.001
237.3361
21.9602
127.5577
165.8628
48.6297
254.2572
57.1994
276.9266
145.5446
264.2382
69.885
22.437
251.5227
160.4408
256.9578
348.93
112.5009
155.5892
378.2366
99.6076
71.2816
264.672
385.6605
343.1754
383.1369
93.271
303.8646
129.0637
329.0598
133.9258
187.4285
3.5499
168.7707
177.3234
133.2382
252.377
310.1005
2.6287
206.6329
224.8771
19.7714
270.1322
101.2655
284.3863
18.5278
226.3041
124.7509
301.8778
283.4725
120.9887
24.0865
174.38
62.0413
108.6684
278.137
207.7973
54.507
235.8768
68.9284
168.7064
107.3376
322.2818
219.2135
14.3258
359.3528
233.6101
241.0635
28.1058
15.5794
200.7591
40.1455
183.4935
161.6707
65.2377
263.2648
249.594
314.8952
198.2167
74.3793
224.0842
349.0258
257.1647
147.8999
156.4921
398.4166
323.4754
297.1821
32.5524
110.8944
330.6757
105.7359
259.9071
306.9239
390.5569
117.9629
269.1782
195.7741
362.4679
344.2178
93.5455
296.0842
8.27
399.8632
220.2916
337.3681
359.9224
207.8904
303.1693
290.9982
185.5144
162.1266
251.7376
114.8574
336.2553
55.1547
126.6606
35.3271
227.4324
311.6524
101.7456
296.754
389.6595
162.5305
285.1634
19.1655
248.8142
283.5465
325.9224
121.386
71.7737
272.6243
97.2189
351.4081
296.7738
100.5006
61.7919
160.2241
146.5617
157.9762
128.5794
115.3336
35.1669
36.088
90.1149
125.4176
12.8513
306.3033
59.3957
299.6342
371.2652
44.6995
303.6362
5.7787
273.5843
347.4046
6.8808
250.7826
356.6931
327.2071
201.2211
354.0459
188.5161
182.7083
293.4374
365.349
67.4691
167.7658
133.1346
233.7501
141.8112
277.8377
7.6231
353.8467
333.9155
148.3124
284.4409
107.8562
294.8626
295.1077
206.3118
59.6495
129.9389
201.626
155.6262
234.93
215.1311
387.4357
157.6999
165.6648
130.9486
196.3011
315.9512
57.355
78.8223
160.2319
209.9278
209.2244
345.1369
101.8111
295.7697
363.5047
284.2323
44.4114
157.7551
334.3912
206.6447
348.0002
219.3127
183.6076
373.4102
31.652
242.4044
212.8187
1.1489
372.5238
85.0615
149.7013
306.0336
289.9935
74.6561
56.3193
147.0696
311.0899
218.2231
24.2377
344.0517
97.7265
252.855
100.9785
247.1941
347.4745
399.5232
149.0803
119.7611
347.5308
336.8481
6.3515
218.9083
102.3331
176.1812
87.899
335.0917
329.956
168.9504
348.8184
103.0546
358.1196
213.916
161.3192
45.652
251.1549
390.2594
35.1293
324.0335
155.318
278.4655
20.8424
233.1697
127.7735
185.3207
154.2918
270.3121
308.5677
26.8888
190.2047
248.8021
237.6672
362.265
389.054
189.4375
136.9957
339.346
198.1466
137.2673
8.502
315.4101
222.9449
361.1295
353.084
362.9806
311.4346
308.5264
3.137
322.8788
99.2501
235.483
205.9131
84.4033
393.4304
277.7197
299.6429
351.823
349.4339
331.9454
316.0029
90.4519
140.6035
290.7649
388.6318
8.0282
134.0903
267.9982
357.8151
81.3685
137.4224
32.7227
388.7786
90.9447
27.8019
205.0547
30.7597
166.0743
361.2886
327.3162
100.6199
1.922
303.2652
139.3932
299.2036
119.0132
288.7243
24.6641
307.8808
245.9576
287.2863
201.7521
371.525
199.9516
264.2066
10.9927
144.8094
205.798
20.6129
197.5911
328.7132
328.3207
105.5413
23.2401
92.419
15.0651
212.8891
210.7556
170.5271
379.3008
240.3651
233.6397
319.1323
157.7008
126.6691
52.1608
111.9104
359.853
263.4504
134.3347
31.5011
213.4722
260.2311
258.8835
333.3523
246.8101
322.3737
360.7482
224.9469
239.3851
293.6383
161.9243
6.702
92.1215
311.8572
383.9824
6.9461
16.3628
349.0774
211.3032
127.9564
253.5663
84.1857
69.6923
101.8572
72.4779
224.0428
213.6668
391.0765
222.4424
68.9415
388.4451
26.6346
85.4248
81.2585
183.9852
93.9298
105.1639
102.3062
97.49
256.1037
280.4919
140.1082
170.4903
286.2554
397.2396
363.5852
145.2381
187.3582
227.2308
313.576
16.5745
59.3026
357.2837
377.1721
355.7889
139.6966
254.9224
309.081
290.3727
372.2051
69.2017
367.0716
205.2139
387.2307
53.0585
227.8599
142.3629
289.5823
335.4154
129.3236
82.6846
167.6185
79.0208
8.938
329.5862
340.1336
233.1692
369.1061
164.7887
185.9995
131.5184
250.6717
326.174
36.0406
46.0674
382.0172
387.896
268.4047
50.9072
298.541
266.2553
184.8995
176.8492
229.0163
240.7577
296.2899
395.2224
295.7862
244.8162
285.7617
100.9398
5.995
244.9184
286.4206
234.9179
384.8083
119.3192
123.2992
335.8874
254.6661
317.2221
16.5258
205.7506
117.4207
338.7774
333.6208
315.2473
125.3403
150.2473
214.9951
288.2904
24.8458
338.3969
275.5985
391.8756
275.6981
267.5491
168.8826
52.4506
183.7405
300.0719
50.475
126.1429
287.5502
329.1761
382.2425
32.7026
243.2405
79.1504
336.7493
378.7895
357.2932
268.1659
56.118
35.295
231.3527
50.0409
198.7544
25.536
297.8238
368.5135
274.6413
144.5999
122.8877
135.9626
36.4341
7.5195
182.5696
5.7952
38.6543
364.9298
81.9365
189.1296
163.3536
373.5632
148.3366
284.7009
152.7411
362.4253
6.8223
245.527
143.7783
282.964
40.8738
301.9224
185.7299
287.5458
315.918
229.7393
344.011
28.7293
385.8985
193.3459
149.15
216.3654
279.5891
216.2472
124.7983
123.2397
237.5939
338.1344
212.6251
94.0574
327.0043
29.9462
224.88
92.9776
344.3377
317.4274
218.9338
61.9997
265.3492
81.4886
223.6562
103.2384
15.5988
162.717
163.2913
250.3867
316.5192
245.6216
338.1005
310.1235
376.4233
153.9801
305.9655
136.5188
6.1878
62.7488
107.0742
158.6398
65.0046
117.621
130.4113
72.3732
94.2679
86.9274
313.7677
83.2643
329.3879
195.3567
289.523
48.389
237.0919
252.4475
180.6803
181.7576
352.6629
299.7621
147.3585
41.5363
172.368
77.5911
339.6856
155.6498
197.987
121.9002
145.2275
126.8339
327.8189
198.4285
294.8734
35.8819
51.3679
344.1301
228.3047
347.4458
6.6081
82.8393
370.9365
391.6027
355.3994
11.9272
330.5224
77.5262
188.5015
233.5247
225.2816
202.0415
284.5422
125.0499
251.0867
395.9183
394.9326
397.1835
219.4484
226.5754
184.5197
68.6691
132.6611
76.4096
216.5167
359.6513
212.2123
260.5084
312.8415
105.2561
274.6964
92.0421
170.3919
107.3718
76.0628
30.7447
52.3978
315.7013
125.7741
378.1698
242.361
91.1176
358.3348
80.942
215.2423
31.7824
205.2687
1.9341
376.2404
75.9527
40.1665
198.5843
52.3375
67.0912
204.2501
30.3288
116.6285
249.3395
30.0353
99.3002
18.6786
274.1548
104.8471
74.7007
264.7918
4.4582
24.9975
239.2089
108.4649
283.7603
246.8605
124.3887
284.3611
339.5603
177.4994
170.3231
141.5197
238.4525
196.1135
120.0046
131.2779
31.4595
99.9304
99.0067
180.0345
215.1649
170.6082
320.5697
110.7653
246.4141
144.5683
304.8697
183.7135
24.8986
138.8961
385.8579
6.2208
289.1524
297.2883
158.3263
8.7295
154.603
247.6831
332.5368
333.5504
347.0493
151.077
103.684
388.7611
13.6577
23.6768
312.8379
362.8582
279.4766
134.5174
19.8647
258.7349
92.8408
256.0995
37.9726
398.3512
135.7252
39.1564
334.5834
48.1795
386.0023
78.3842
238.3295
2.1121
261.8372
32.657
282.0773
40.2069
78.0528
27.5072
181.9645
128.654
89.9589
23.3902
283.8479
204.6573
177.4692
7.9845
224.5155
249.5832
343.7333
168.0814
346.4083
108.4107
332.0037
286.0721
132.8625
311.7096
299.9476
160.4049
19.1228
52.9034
211.7557
147.0622
213.63
250.5855
152.8641
134.3537
64.8834
302.445
87.2161
164.2984
274.048
272.9158
256.8538
326.9609
96.3662
143.4846
177.8418
384.4936
151.004
365.7967
253.7453
315.5633
359.867
257.6375
52.0561
362.8091
82.0555
164.5558
2.427
18.4644
273.3916
71.4839
236.6487
106.6741
239.4857
23.9366
309.2496
386.9968
225.4357
293.6235
378.5998
346.4662
284.4997
395.3136
14.3281
36.792
123.4813
226.0567
346.698
261.4315
277.918
217.0609
292.3581
324.9908
24.975
117.168
352.9793
234.655
251.6869
124.2351
224.4744
230.0235
170.4293
134.6553
229.111
8.6536
357.1347
380.0367
236.2208
43.3836
169.3751
78.9407
369.0891
70.204
266.0255
58.9164
50.8809
107.1727
146.9236
366.151
230.3214
281.3864
28.3376
238.6663
89.8575
199.5189
29.9026
270.3451
358.0529
124.0061
344.9299
51.5585
35.8032
312.4848
259.5548
4.3088
149.8196
114.9838
341.1143
165.8179
274.789
170.8962
331.0715
10.5322
57.4826
388.446
87.8778
101.0864
318.0209
206.8011
10.2133
209.1388
244.4497
151.3626
106.3179
312.9366
63.8869
353.1755
303.7404
378.3492
392.8728
112.1402
161.4299
55.1941
44.1769
15.2996
175.1776
287.0979
328.517
175.4872
280.2478
355.6445
16.2581
135.6725
157.8351
302.1033
81.9713
95.2673
54.2745
379.1563
225.0019
380.9793
198.9748
60.3454
248.7908
379.9993
332.7613
348.153
358.872
185.477
89.3412
137.1238
352.9782
316.6597
363.6438
200.0413
148.575
275.2211
314.8263
338.1735
266.629
350.9477
6.2344
199.6252
142.7591
135.9761
73.5962
362.836
222.9868
364.6273
298.5618
162.778
16.8949
31.6853
14.6332
91.851
129.0369
230.9399
289.5214
252.1838
203.0552
71.7766
235.3874
143.3335
14.9552
283.5132
54.6842
152.2042
176.9344
133.6655
150.3584
231.2695
291.4858
106.8497
235.8887
176.008
111.3909
174.9566
96.9104
108.7257
196.777
164.7673
216.1111
156.9991
136.4764
182.9882
172.4936
26.0063
185.7871
261.2066
348.2234
69.9329
218.2814
273.6523
180.4357
247.4425
397.853
310.7765
205.5121
116.6636
171.3755
394.5382
43.1115
176.6003
379.2421
81.9614
107.4569
323.46
386.4449
281.5473
288.783
373.3235
178.3084
384.7554
97.9983
224.3615
335.6057
277.9234
254.5719
62.8984
241.5645
334.033
313.4899
99.3846
304.1065
119.1036
289.9667
67.4763
198.7965
160.5074
381.9315
252.2515
381.7235
32.1543
125.3652
216.835
294.0795
298.7848
43.2477
117.37
24.8086
66.2065
261.8683
370.0213
308.4475
136.9215
48.8915
40.1597
144.3103
350.6664
298.1331
174.9853
103.5743
39.2216
129.8123
326.1427
154.3545
209.8523
10.3365
363.8856
350.6604
301.42
139.5922
98.6202
264.747
304.6401
204.7856
83.4514
112.4483
90.5852
329.9936
24.6631
96.6457
171.704
168.0782
27.4696
71.3672
69.1366
374.5295
116.7036
12.3447
2.2139
312.3572
123.279
73.0578
377.8762
143.0
102.3538
82.1809
315.9537
172.9518
211.3672
86.4622
346.0195
209.4248
392.6718
247.7179
372.5371
261.7529
142.5143
194.1513
240.1924
229.1365
47.5032
164.1007
265.7081
213.5221
100.5891
274.9934
53.7242
141.4912
300.9733
112.5531
252.3441
62.5661
369.9472
17.5903
373.9319
237.9228
131.4975
190.2635
169.4026
288.9107
267.9048
306.1252
99.2503
340.9714
122.5441
106.8583
184.4695
188.2727
328.6329
21.9826
249.0485
155.8965
124.2712
305.6264
256.419
187.3731
305.7361
55.319
43.816
148.2983
219.0772
201.747
208.8963
264.1071
318.1468
105.8723
278.3118
41.2581
186.8087
108.0923
249.5893
245.4771
204.4479
164.3775
135.1264
211.1627
101.097
378.876
70.7191
56.5382
299.5012
257.7169
4.6811
303.7933
308.0131
231.3504
350.4908
90.438
330.9688
75.2571
158.0974
190.3321
213.8118
21.1357
377.7172
49.4343
154.9697
5.8386
32.1697
377.5383
321.0816
66.4167
340.83
69.3145
38.979
5.9964
317.8543
182.7265
161.4766
241.9227
131.4472
227.9758
87.0488
70.4605
210.7567
87.4904
101.0686
244.4967
311.1352
246.367
101.8022
152.8569
45.8285
21.2699
142.0947
395.1182
5.917
325.1578
288.5416
264.7493
341.6793
151.3259
303.5193
97.7208
286.2245
305.3202
138.5457
246.5857
118.8003
235.5767
171.369
298.177
215.4504
319.374
287.8458
83.2864
332.6967
263.6267
237.9642
37.3816
383.7958
113.0355
32.0277
333.4211
287.1778
141.2834
187.0233
137.233
176.5768
389.2765
72.6028
221.4824
24.6261
109.8933
77.0937
21.8814
102.6383
33.875
166.4616
321.9647
95.8035
311.3823
234.5016
66.5462
97.9346
26.1626
375.7116
43.8536
20.2385
324.6146
103.6942
75.6429
134.6786
303.8385
43.2005
287.0375
173.9912
257.9063
183.3491
199.2018
317.6276
383.8265
124.2511
77.5827
294.0122
105.4716
94.3015
256.3158
290.8582
207.7464
375.0477
255.5166
347.6982
165.0233
106.832
65.5204
368.0297
359.0277
146.0978
384.5481
107.7338
181.3752
48.5839
8.0681
361.3273
390.5938
181.6001
295.2751
6.6524
138.1699
123.1577
320.4528
167.2988
384.867
141.9387
361.2389
192.1727
270.4687
98.7598
305.1221
106.0126
227.8349
274.2446
236.6139
272.3514
319.9117
297.5588
144.0625
5.1268
163.527
88.8782
286.2947
263.7919
78.9054
15.4539
196.0676
200.8952
84.4901
152.6877
201.7737
98.8002
219.6184
245.3205
29.6341
27.0146
99.7471
391.6897
14.3499
212.1222
134.1203
109.179
326.0048
243.2949
36.9735
18.9068
304.6392
256.0344
266.4594
303.1733
181.6642
397.3254
285.9526
319.1016
386.718
15.0854
279.0564
352.0423
9.7518
216.3803
158.5686
58.3092
198.1913
114.6465
297.8074
259.1308
378.2115
199.939
90.8501
50.7442
163.0358
167.8387
108.1687
344.4921
196.5471
120.6464
174.8626
217.6109
398.0023
159.9524
279.4995
390.3213
368.7342
12.3927
387.9785
173.7937
165.4081
254.5528
142.1367
271.6898
365.2633
7.4424
243.9692
370.3022
360.6471
185.6777
135.3474
203.647
339.4385
247.9847
232.8985
355.5045
373.9177
114.7331
311.0801
248.4234
227.1075
111.8756
380.5673
115.6369
283.3011
293.0783
125.1537
313.9898
315.8639
123.093
213.7865
269.0912
171.5814
363.6375
106.6774
165.8948
326.694
115.525
20.2449
149.1434
331.321
26.9501
319.9753
275.7918
92.6413
256.8998
179.9199
385.863
158.2311
168.6879
94.2986
15.7932
286.5823
147.3551
185.9382
360.7114
43.4625
47.3972
84.7541
164.4387
272.1895
256.3107
37.3764
231.0727
116.1667
83.052
291.104
377.3214
12.6431
73.9423
187.8125
248.725
143.2759
37.9978
56.7412
272.5392
213.4439
88.7729
387.971
113.3458
143.1243
314.7136
112.2021
362.7809
376.2045
254.5598
230.1142
146.5043
319.729
271.1524
257.009
363.171
164.2623
356.4063
55.9571
372.9381
264.8291
121.565
288.6957
358.0209
179.4441
124.6119
243.9669
379.9382
219.5357
171.6004
316.2257
395.271
337.8509
69.1385
392.0964
162.0586
209.4421
166.4773
398.4718
258.1011
97.2776
80.1643
220.747
338.6433
68.271
5.8093
224.266
250.6119
361.6402
203.884
81.8968
277.4542
173.092
162.0304
366.6331
310.0629
243.8705
364.0267
322.6544
293.4815
90.5851
355.9484
37.9157
90.6539
92.3367
41.626
300.6713
124.2998
164.7242
335.2745
331.4438
47.7356
51.9519
317.9708
154.9282
319.4234
98.068
363.2029
132.4895
239.6048
101.3007
117.1611
388.3079
282.2381
215.365
229.4655
235.1741
177.0411
304.1007
298.6086
166.8048
266.7262
243.7281
326.8066
310.2628
152.9494
220.6409
252.493
110.07
102.3193
249.7743
65.6144
91.9658
7.0925
296.1816
200.6864
92.4142
184.7987
339.2821
100.5526
147.1501
282.6232
313.2276
197.1578
394.4105
280.9674
209.7776
91.9614
131.9074
334.1406
200.9838
94.4842
130.5125
147.5441
355.5462
242.291
381.0682
290.0505
29.629
288.2473
57.0191
212.1316
296.7925
373.7107
5.8771
302.9516
398.2232
370.2099
27.613
79.0605
398.1917
174.2269
351.5868
331.9004
124.6518
220.2474
252.4452
291.9168
292.3457
249.8486
7.6067
81.5193
394.9825
17.6961
20.5347
318.2285
78.8174
124.2092
44.6216
75.4594
372.8889
145.9985
160.8814
295.9017
33.2951
228.8126
359.2607
278.5075
73.957
166.3743
398.6583
203.8562
209.6133
104.4189
124.7771
358.1154
330.5022
289.2833
265.5757
284.8268
355.8335
24.0381
82.634
4.5208
288.5668
272.8761
339.7917
140.2298
387.5915
294.1012
258.1742
303.9287
101.2056
339.4261
11.5879
322.4068
21.8482
354.8958
114.9309
235.4014
325.4902
150.2732
232.7971
108.0936
49.1959
343.8898
282.4166
248.7397
395.6887
337.2807
45.1255
368.7684
223.4457
79.2543
184.1288
326.6071
25.0609
108.2666
41.0418
359.4775
31.5099
45.8788
81.4246
373.064
301.78
143.1465
103.4028
166.2955
288.6441
122.8337
354.2429
86.0588
24.3005
118.7723
97.1833
76.6694
9.5645
32.2863
35.1697
249.9423
170.8417
231.1546
183.014
120.8901
301.5628
283.9712
17.607
196.1675
130.9916
61.1811
347.0907
142.5658
159.9307
231.0197
309.9288
137.2148
79.6189
100.6944
357.1517
140.9469
271.7618
91.4403
56.6754
386.8417
294.5837
74.8529
315.7657
239.8133
382.0708
14.2059
311.5345
221.2326
170.043
174.8586
241.7028
183.584
191.606
271.9354
176.661
103.5355
296.3306
87.8089
129.1252
342.507
352.4911
392.3081
159.5646
84.2675
178.2985
326.3103
244.9336
247.7703
396.0165
79.456
10.9727
150.9207
135.2678
19.956
87.3625
363.5145
150.1743
86.8134
377.7518
135.5993
57.6616
38.7065
333.0556
116.3842
15.0225
227.648
62.8567
301.341
156.5767
4.6146
73.0915
335.5608
329.1079
321.7294
94.0406
149.07
156.5841
132.4317
310.9863
112.6581
52.3798
127.3458
392.902
75.3538
238.78
233.1868
1.9894
37.7235
388.2988
187.1054
273.1264
335.1038
349.2158
172.1266
116.4592
200.03
183.617
276.5228
19.0961
115.5467
2.4211
274.4924
198.0444
76.2234
349.8681
280.5821
313.8486
11.4897
147.2817
295.4464
310.941
58.4956
52.1552
134.13
344.1828
234.191
258.9369
179.9073
70.4118
347.9961
13.7176
2.5218
21.7477
80.793
242.4275
394.9565
14.4735
358.219
15.4247
104.1405
209.825
313.0791
248.0117
175.7559
209.5006
30.9245
66.9555
257.5651
393.1624
91.8063
4.4678
229.3866
70.0943
348.9761
226.7129
24.6842
129.6723
188.6737
393.6242
179.8305
284.3254
220.808
347.2913
234.5415
134.8393
164.471
178.7598
357.7807
59.0269
173.7851
379.3974
49.9951
109.0011
15.9348
176.8689
398.9462
90.6242
254.2298
141.426
114.2959
12.1637
236.2386
376.2537
252.3697
343.0525
108.4226
361.9912
283.9109
374.0483
49.2222
96.9908
325.1821
354.0979
53.4268
133.7606
277.6648
191.8767
133.5476
65.095
264.0316
215.0173
156.376
60.3331
329.4279
100.5655
304.5132
99.1631
45.6185
16.608
41.7376
174.2876
256.1947
157.11
353.2669
28.5007
232.2867
86.1448
288.6841
395.8118
344.2431
298.9743
115.5915
364.2823
15.8097
7.8298
222.3584
362.9549
370.9468
200.4043
103.2002
269.8045
361.7764
247.0166
5.7809
62.2934
354.9121
48.2845
326.4568
264.9026
329.9879
292.6711
116.8463
191.4757
124.9672
95.3233
255.608
203.9927
91.9753
350.6681
64.5042
105.4075
237.9149
338.6481
130.9163
65.7617
347.3097
224.8566
222.8886
103.7445
37.3227
351.5332
122.2031
322.8375
45.3824
111.6657
218.7962
147.3389
181.387
295.3287
157.5898
183.2454
296.7674
347.9538
356.3979
42.2848
167.0975
179.8945
65.1663
230.2377
41.4534
92.5658
116.2168
101.2591
352.1452
259.3207
373.4684
74.1529
296.0294
44.8039
349.1725
88.8899
369.0327
155.2477
236.6919
173.6283
62.272
26.4484
106.8334
333.4958
366.272
187.9922
76.1491
12.5452
119.1211
234.1267
2.5869
34.316
10.5761
364.4401
129.8959
49.7827
29.0311
308.6573
217.7779
160.3929
181.8939
93.4035
15.3754
368.696
131.3784
339.8472
84.6403
300.6478
275.0271
28.1712
94.0971
125.226
235.3945
267.3246
250.086
83.3894
302.2141
44.6291
249.1898
112.0558
53.5862
215.6715
201.2643
71.1808
57.8348
195.3664
13.0808
14.017
224.6467
313.6067
283.0227
353.6883
244.732
199.5283
8.7415
365.4824
128.1831
353.7334
3.4744
234.0876
140.7092
390.2218
174.3421
252.353
383.6852
360.9227
190.4949
250.4338
37.4961
120.8925
271.9545
264.5392
225.4038
309.1896
303.4333
6.9522
19.7322
170.8751
106.3236
345.7904
249.7393
326.694
145.1779
336.8006
155.7917
43.2707
62.1568
159.14
351.9786
399.6978
262.4372
376.3661
187.9466
321.2668
281.278
92.7172
159.2532
323.0468
48.8657
85.8453
313.1761
336.6584
272.0927
115.7402
283.3383
87.7349
203.1819
51.0118
59.3404
175.1295
313.8959
75.2646
234.3866
58.053
287.5026
26.3951
89.4867
286.1978
15.7387
13.5745
81.1404
192.7253
165.4281
327.6874
198.2803
159.3264
328.5391
25.4402
193.1114
369.0719
90.5906
202.912
126.7937
280.2648
212.0474
314.2608
280.5706
208.6597
44.4463
283.4008
322.1525
39.4887
300.0367
122.4297
8.5945
312.2403
320.1475
37.7538
263.4721
78.0079
85.175
153.3282
313.7709
394.7024
384.5685
265.1317
220.3595
300.0549
34.295
8.4343
98.5202
281.1228
7.4269
274.7928
79.0056
282.8553
390.2325
133.5922
308.972
231.1906
141.2889
241.953
27.8328
59.3358
248.7847
375.5936
373.4241
76.4444
176.2666
208.3365
285.5888
145.6127
312.2369
104.919
352.69
248.7714
54.87
358.1228
19.0199
33.8646
134.4761
121.4742
13.9638
315.5278
139.6735
134.424
54.1559
148.4251
252.7725
215.3121
258.3191
31.9998
42.404
274.2885
121.006
302.554
336.3522
288.9835
111.5713
150.8666
172.4665
127.3658
340.546
143.0595
61.5263
51.055
256.3806
151.6276
35.5432
9.6952
300.5538
185.3282
225.0768
100.6588
388.053
128.0234
365.7047
74.5403
329.6169
150.5769
192.6828
59.2351
60.0155
169.4352
164.8862
233.4764
382.1474
277.8673
156.5495
202.9091
293.7606
305.9032
139.0581
51.8174
339.1443
262.9087
242.8271
36.7254
268.9244
385.8037
61.6001
279.6251
168.4426
170.7484
277.9653
35.6817
295.8581
253.9982
393.5285
27.783
156.4344
371.4321
259.2334
386.8597
395.159
272.0982
213.6579
282.3147
219.7829
213.8629
167.808
316.9448
43.5323
337.386
99.4455
73.2045
390.8433
318.0033
296.9624
197.3686
63.2757
88.2139
130.672
375.27
89.9821
45.0556
28.1114
309.527
168.6605
126.6877
12.5084
275.4702
2.394
44.5606
164.984
92.7229
134.8246
70.4613
318.7457
36.8613
273.5073
331.5072
64.4235
395.563
359.9166
126.1121
181.2659
172.515
356.0183
247.3547
20.3262
238.7002
315.2149
7.2575
165.6771
240.1375
259.9881
242.3617
102.6625
57.6343
193.5844
345.773
347.8086
84.8484
183.0161
302.9516
62.9845
146.8151
339.7331
198.9151
346.9636
146.8563
117.8405
67.2413
377.1004
23.1667
246.2878
63.2594
290.6037
178.9146
36.0523
27.9594
1.2399
61.2574
73.0922
348.1629
328.0962
88.1562
324.612
41.637
384.0657
335.4504
152.0797
108.9793
268.2213
360.1398
256.0732
276.0162
277.8345
291.6203
120.1627
81.2712
391.8554
314.5569
70.2343
178.9994
136.075
178.5767
317.9672
64.1746
270.745
305.348
242.16
156.9902
206.996
78.9923
267.2752
6.3008
199.3019
196.7213
369.4741
289.0946
48.9737
80.5099
85.2607
127.4008
260.2824
97.7139
262.8105
384.1193
272.8489
99.8977
50.0808
370.0102
112.3539
234.0918
39.31
384.5735
75.2488
115.7532
37.8593
378.417
187.9679
236.8053
132.6733
63.3787
61.7254
275.6266
140.6808
189.459
240.3923
130.9862
294.1038
376.5753
321.7739
174.833
123.7536
361.3188
135.1027
206.1647
247.2071
340.6556
353.7438
198.2064
67.3778
352.8826
97.536
372.8945
51.4553
320.1155
280.9891
109.0875
275.1905
132.0486
205.1992
271.7582
327.3461
265.8428
387.9347
198.2535
397.4615
5.7303
286.3861
105.2363
386.9601
115.2891
201.7976
42.0714
34.9803
271.781
296.7823
194.9606
279.9822
129.0906
337.2887
26.0274
190.0718
135.0534
367.1683
211.5609
201.0985
25.3449
118.2795
190.241
88.4109
151.7351
274.0715
74.0492
396.4215
197.1388
196.0974
61.1092
266.0507
317.475
319.4099
387.3801
265.6204
372.0038
117.2573
193.5257
293.2333
48.0139
387.1463
214.1675
14.2503
148.9373
234.1442
286.6857
340.9236
22.1928
319.2261
389.4844
48.6781
93.7823
263.1531
303.3619
274.4277
390.2445
6.1849
5.2814
213.7925
366.1223
112.1554
376.8599
379.5544
287.4845
26.2204
70.4183
205.3643
131.3169
301.0034
86.8654
41.1682
113.7365
114.9507
60.9589
391.115
294.4009
208.9311
179.553
21.1286
72.7162
243.3439
190.8825
199.2271
223.8447
302.7551
298.8871
221.7045
83.7607
77.8359
282.7965
360.7804
27.3213
89.6298
75.3414
104.3824
54.1175
207.7651
199.2238
49.7766
251.1569
211.6046
358.7421
118.3739
251.6344
3.228
50.9478
49.9151
210.5342
177.888
375.2979
94.7693
94.6707
60.2624
254.3979
269.3172
221.8955
188.1208
154.3032
256.1741
377.4262
340.9912
110.3605
233.5297
375.7997
289.5889
186.6483
360.0102
374.6103
343.1683
75.6258
12.4213
133.6776
315.6178
327.1359
214.7438
281.5176
341.7598
140.8831
299.3787
361.5112
124.5947
322.9888
23.0871
159.1884
331.096
43.0442
344.2967
95.9136
338.1158
112.3872
340.2368
337.3095
66.81
259.1004
162.7469
26.8268
301.5526
122.048
295.6596
164.5139
142.3941
44.6642
171.7624
358.6319
14.6032
391.2699
252.5106
27.6723
246.0009
242.2888
230.7787
58.374
119.4425
361.4652
383.0755
243.7901
71.5764
57.2994
16.5711
160.2872
32.0778
365.5979
262.7482
209.4576
324.8288
175.6887
352.5924
105.8341
269.2586
255.5914
105.9842
288.0411
194.6596
333.7653
70.3186
68.357
394.6491
108.9022
30.4086
13.4146
269.4483
24.6814
58.4241
237.5673
222.9224
366.0582
83.9293
189.8939
307.9896
91.4859
205.7771
195.2657
367.799
180.1455
225.0652
153.9659
210.4816
307.6414
321.3044
267.3161
357.7238
143.8602
45.1158
85.3276
71.0652
386.0705
237.241
47.5764
172.8253
140.4243
379.7464
281.9725
257.3217
351.9401
364.5447
70.197
195.0478
308.3587
268.1526
326.2081
345.3795
132.8761
182.1403
10.4383
391.3362
187.5846
171.8871
358.0712
31.41
288.1012
367.1154
328.2374
44.6685
217.4177
57.3984
301.2117
291.5391
172.6961
156.3137
310.1167
171.8035
182.1335
172.8769
286.7001
328.6478
192.7865
13.2628
223.5187
346.5839
364.2521
372.8353
285.1451
333.1739
263.4994
91.3495
161.9894
63.9259
18.5539
252.3104
6.4996
127.6798
283.4418
288.0973
303.8054
246.9078
250.1123
208.1457
107.916
263.8599
275.199
357.4424
93.6489
388.7983
25.0194
119.2497
85.836
83.0083
47.081
302.1514
107.0686
94.5781
220.7294
330.5583
217.7243
128.4656
356.632
58.9601
179.4768
318.3653
16.3117
121.677
150.5935
70.8174
2.3858
11.365
35.9131
272.5079
32.0347
341.5329
18.7042
270.5146
84.1882
369.2519
224.7158
162.4505
127.3939
78.7627
101.0535
10.2046
277.6566
39.0762
240.4845
373.3852
185.6795
369.9808
372.8527
159.97
179.5693
316.6344
154.9555
25.6176
260.3323
333.1524
218.3046
49.6242
399.3533
290.3235
217.5772
139.6939
173.7022
383.7926
235.1347
349.7722
254.9574
263.8637
47.0014
210.0917
154.9149
40.4254
33.461
19.487
195.6267
348.2427
110.0774
295.7369
259.4994
339.5437
260.174
360.8155
166.0631
8.9756
43.4378
149.7709
164.9085
129.9665
348.612
135.9757
209.7282
103.3196
99.083
71.5424
137.1042
279.7256
352.3872
54.8081
15.5066
195.6423
156.9033
223.6669
44.2772
320.6267
298.9729
230.6943
182.3451
383.0128
73.336
369.3376
80.8231
151.6972
224.6163
304.2328
397.0432
66.0169
199.7654
239.3675
139.3373
163.3232
268.6507
208.3227
263.9147
316.1178
50.0058
195.0221
20.2069
105.1787
104.7887
26.6375
268.2053
169.4345
73.4422
226.697
258.3501
329.5125
87.9674
125.2516
93.9965
205.3709
191.2717
10.4342
68.3836
386.7234
87.9582
52.1791
255.2694
169.9976
116.4951
308.4247
342.5906
389.2778
108.2785
4.2496
255.2522
325.9421
204.931
247.9837
277.1199
325.4999
394.5151
47.1469
363.989
176.0854
122.431
357.2825
168.9714
279.1842
26.6743
160.5514
354.9093
29.6723
114.1767
121.1085
65.4221
147.2373
164.1475
74.1792
73.5936
329.8995
297.518
333.898
42.2888
88.4451
45.7857
108.429
41.4257
313.1163
18.9543
40.4222
81.579
394.1379
87.2902
6.7262
39.039
204.8896
52.3105
291.856
180.0351
99.9785
27.8765
157.4622
171.0466
74.6144
53.73
166.0321
142.0849
396.1625
397.2848
255.6489
8.5035
364.7245
319.931
52.7247
195.4477
4.7206
104.9275
222.0653
387.6453
73.6584
26.1143
180.9817
70.7234
271.8748
399.4972
360.6722
353.9201
312.5647
366.9956
278.1919
385.3157
268.0052
219.993
255.4778
326.8322
307.5297
228.733
382.0608
199.9107
190.6956
51.9963
288.4585
326.3394
36.778
302.1866
142.2024
55.1248
126.5086
32.3444
311.7034
40.3148
326.9289
15.1691
10.522
281.764
96.495
201.2723
380.3725
204.5766
38.2059
333.0793
336.3235
292.1209
275.0822
338.9764
28.209
328.7858
389.5823
65.2021
43.479
16.1455
309.9184
63.1883
172.4193
370.2104
351.0604
201.8405
295.7462
370.5364
349.8414
287.0768
228.5023
130.0067
328.1531
155.2445
198.3825
242.0749
355.1903
142.0296
123.2016
230.474
164.6491
59.6569
25.8143
69.6236
391.9241
85.526
184.1977
336.06
50.4749
284.41
320.1836
272.872
40.1382
48.4417
233.9684
361.1409
298.7243
243.1827
246.4513
202.815
398.6483
219.5598
42.3701
185.4491
331.3598
43.2299
33.2958
56.8978
121.5359
151.2593
94.3147
168.1329
261.0547
102.8719
79.6201
96.0146
148.2478
276.9002
73.4047
365.8786
371.7222
279.0307
179.9219
74.753
313.1461
2.6934
104.9434
327.5478
261.3769
361.4869
191.3385
226.4964
125.7448
304.3354
119.5701
365.473
117.0302
393.174
136.5042
48.3041
74.6169
305.8666
141.9875
189.6456
78.8505
355.7399
158.7584
242.4679
55.0738
119.5487
68.5908
347.096
212.5395
234.3308
136.4138
103.0301
162.3597
103.5265
313.3366
159.635
345.2909
169.7738
61.9
325.8582
203.0999
14.1567
46.9799
185.543
231.0755
48.5591
104.7621
112.1669
182.5631
14.7923
194.936
258.5339
115.7911
39.1963
89.6819
299.5859
50.3979
326.3061
82.9887
222.7552
259.5731
275.1442
165.5884
23.8038
119.6708
253.6036
317.8765
27.7289
151.1406
291.8659
289.5906
98.316
197.2884
342.998
273.1808
70.3703
158.3621
61.2232
358.5195
20.4975
32.9778
293.848
76.6236
210.1536
126.1912
351.9584
5.2993
277.3734
189.4042
242.8229
288.0962
387.1929
283.4044
300.437
371.9841
385.2825
321.8114
298.6969
353.1213
200.6081
322.5711
149.1881
20.2689
76.6721
264.3485
86.4257
232.8964
370.1535
348.2818
302.7502
384.7264
65.5828
384.6676
365.8556
226.3241
105.625
302.1082
139.2088
146.425
239.922
74.0755
256.3646
113.8785
246.5062
283.9116
385.9076
219.4363
377.3857
279.8308
78.3118
191.9595
147.2887
326.5215
77.5239
187.4414
299.9569
119.0249
261.4933
269.8657
48.7499
34.3839
4.5052
221.1163
5.5938
357.9043
264.2215
395.4692
123.2469
144.1641
123.2995
154.4433
125.562
254.2084
378.1679
276.1744
186.4658
310.0616
144.7969
207.9328
236.7063
131.897
11.1076
238.4174
370.1033
71.5735
132.3291
65.4853
149.6065
193.3445
209.4771
45.9177
207.1677
377.3176
159.3013
34.0687
56.4867
287.5722
384.6276
199.6695
329.0264
31.5703
156.3864
340.132
212.1323
29.5006
384.7939
307.7456
233.7298
356.6536
250.7099
366.8078
250.8322
3.7428
108.394
86.4789
171.7595
258.7476
338.9498
36.1913
158.1672
130.8739
175.8554
49.3878
374.0003
48.4487
144.4844
303.8457
215.0634
40.6466
252.6376
291.0452
201.1689
127.3564
149.2883
275.6638
366.1072
231.4959
226.1228
351.7146
215.4216
34.0687
62.6927
196.9875
251.3559
2.9082
304.0945
242.9934
399.2289
94.6021
320.8127
248.1381
258.8978
267.7968
244.9998
319.4395
312.2532
96.7961
88.5059
366.4663
5.6233
202.0839
361.6054
328.7624
386.7262
294.6281
376.0124
116.8615
191.8861
249.3738
100.3611
367.4153
246.4252
279.3134
144.1678
122.022
240.5952
149.4955
67.2676
377.4714
42.8962
199.6867
268.2946
220.63
364.7323
329.9096
93.6319
241.0366
216.9679
29.1041
366.9762
337.1763
128.4236
122.5617
160.1021
141.4625
338.4192
331.7596
34.0219
305.3068
134.3251
27.2087
293.303
342.3602
378.1182
382.8196
389.5312
379.3324
27.9687
180.9673
138.2312
397.6523
181.8238
124.811
107.0641
171.7908
32.5178
240.6519
304.8273
386.0484
189.9108
321.5793
192.4678
220.8107
147.9357
293.0357
302.8119
283.542
254.7805
358.5194
276.5258
269.8872
317.6475
300.4972
386.6772
18.7474
162.2539
65.6904
29.8194
237.7338
57.6018
318.4408
174.1365
226.709
327.4995
41.5329
25.201
134.6066
67.1359
38.2346
281.3991
329.1835
97.5816
267.6704
168.7723
100.1985
250.1867
374.5767
324.7684
8.6186
31.6807
385.1877
160.0938
298.1104
72.912
321.3388
326.2781
116.3026
362.9038
126.7702
239.9461
240.63
257.7056
206.5084
366.364
276.37
5.2706
16.6309
197.0736
14.6464
125.9829
196.1101
235.5037
74.3824
361.7046
121.1795
229.2237
169.645
324.9895
390.3913
214.1987
395.8983
206.0571
177.115
228.9943
13.3555
173.2093
340.3223
7.3656
213.9732
98.0308
131.7344
50.7567
274.172
94.7658
231.9348
186.6489
8.1247
314.6308
331.8777
32.4418
369.3223
15.484
374.7037
189.9318
12.4849
127.3285
350.2605
215.3813
319.3494
326.5861
124.9875
392.4408
202.8809
337.9513
393.4359
375.9067
226.5347
365.1091
54.6024
244.6817
287.4232
232.8734
91.2373
113.4733
259.317
383.5442
340.6584
53.8566
152.0909
359.6466
63.1016
30.9786
319.6446
28.848
375.1744
83.9535
242.8901
180.7565
313.0261
222.3911
169.3287
105.8088
329.9266
220.2693
181.5782
96.6298
2.717
318.347
256.4777
73.6641
284.6072
78.4695
138.7359
158.7032
172.4638
133.5441
51.421
220.8012
196.5068
22.2109
148.5078
63.6835
10.7338
41.8558
226.2403
169.6423
25.2579
224.5112
163.6773
371.3613
2.3001
364.1783
261.9355
296.3066
31.6829
8.3563
378.1918
289.6839
149.7881
98.1213
367.5326
60.0775
288.628
81.5391
330.1129
305.7268
157.3574
114.9484
45.6179
37.6957
198.0186
141.3442
62.4314
67.0486
281.0223
58.9777
171.0117
279.9174
204.4623
31.5945
349.8288
310.3796
219.353
385.0749
271.5349
318.8412
171.7704
298.8721
249.7389
266.0359
88.9228
130.285
79.311
342.0185
177.7189
220.006
32.1026
171.8077
80.2601
109.7775
370.517
6.1241
93.1174
134.147
28.6292
262.2039
199.8533
71.3751
14.2844
375.3854
172.8117
136.3885
71.3641
365.7218
359.5728
380.9009
64.319
12.7688
58.9673
73.2781
168.3633
372.3238
301.2946
243.9052
57.9266
145.3608
35.7104
177.6524
353.2258
3.5491
113.8248
324.4957
353.0565
135.0613
51.9977
283.8708
293.0466
91.0132
314.2023
389.5299
355.4641
25.3231
35.3997
344.1024
340.236
134.358
252.6808
83.371
172.6304
178.7007
61.8789
367.6406
284.0908
118.3235
273.6899
235.9212
102.3024
184.6961
186.0859
50.1788
143.6819
170.5562
61.7923
151.3575
351.3656
110.9142
189.7967
238.4009
279.9521
132.1944
12.3409
267.4396
298.8365
220.6788
315.1725
23.0009
188.0646
312.2612
251.597
88.1169
207.0416
305.9647
240.5485
315.7504
327.6989
179.2363
155.6805
364.1502
298.0026
345.7913
22.0085
183.1636
302.9271
103.5028
94.2007
276.8459
113.7152
332.7872
150.697
222.0582
266.5136
12.2835
349.7609
263.3985
78.8666
306.5589
353.8238
264.2524
152.0205
261.3725
153.7288
188.3381
278.3542
319.5816
199.9745
163.0531
326.4318
75.8329
396.403
45.1133
286.0727
378.9138
187.5358
57.2151
393.9898
350.1387
374.6907
13.6009
255.2713
254.7435
72.9783
127.9298
183.634
67.9334
113.0208
127.112
341.1735
169.8776
351.9825
53.4047
166.8327
23.4417
184.6634
222.7019
229.042
334.2674
174.2862
153.5293
351.7612
42.4348
235.2141
305.7508
121.5542
360.4165
95.852
129.4271
391.8533
319.4216
23.0599
42.9969
136.7942
210.0985
210.9218
279.2777
399.9416
29.8476
258.831
327.7894
286.966
245.3706
388.4174
189.2649
254.5616
113.4393
190.3289
325.9
145.3682
388.3199
16.9482
335.141
248.9662
113.2284
347.1759
187.7651
384.7432
5.8135
257.984
81.3145
133.6423
230.1158
376.1586
148.6994
352.1282
73.1154
81.8219
102.568
112.6586
172.3013
244.6347
274.0617
353.8847
187.7926
66.6632
280.6738
322.042
83.7831
53.4222
179.0857
144.158
139.4706
35.6685
203.9978
187.1917
163.4071
145.2855
253.0
335.3488
268.0892
332.2211
163.3386
345.8348
181.8679
70.0431
199.6862
44.8744
23.3541
244.558
213.8918
66.2101
216.8468
375.8616
311.673
240.5011
286.5641
193.6113
99.016
216.3294
165.0902
354.2444
242.8344
127.9027
233.3402
40.4682
70.0663
100.0849
143.0764
93.1955
246.2303
184.1251
367.385
304.8391
168.1831
386.2105
195.3902
240.7182
247.474
126.8904
256.8383
82.1284
195.5017
220.3161
380.2978
348.8316
311.9869
214.2221
214.7561
343.4357
297.7224
129.5625
266.749
306.6618
329.0266
340.3999
163.7446
210.7924
185.5386
25.4459
168.0027
5.3541
354.9691
73.7447
384.2056
137.5249
58.2437
120.1298
206.6812
178.5147
211.5963
14.7702
48.7702
241.2086
367.6954
193.263
345.6793
56.696
280.5039
346.3306
131.8001
277.2017
196.3657
76.2343
339.8922
292.7088
311.8133
375.9228
275.6035
125.0719
40.6558
300.7899
241.454
82.0531
150.9283
41.6653
168.0525
14.8526
392.6891
361.9972
251.4163
361.628
159.5182
320.8045
2.689
345.7501
136.1581
125.251
370.7396
295.1142
151.956
61.452
122.0075
145.1128
245.0576
81.9123
258.6746
91.7058
383.9942
339.873
253.6864
99.3147
240.5254
184.217
369.9956
127.1494
78.4414
119.6872
77.4822
350.264
91.734
47.3988
239.7317
100.1541
36.94
97.3855
266.0142
26.7062
130.4138
318.6592
350.2173
149.4233
110.1089
126.575
167.5976
218.6586
240.2312
372.6282
210.2507
81.2027
108.9216
394.057
157.2009
280.7404
195.5991
104.9494
118.8613
216.3836
374.3981
104.4083
383.4943
109.8614
343.8876
71.9813
337.8055
299.5344
282.28
34.2967
267.7437
105.7996
247.4369
10.3799
220.5183
22.3458
395.2543
165.5967
282.4162
11.5076
306.7779
190.1336
305.0752
367.983
215.3123
93.5588
41.1847
248.8271
355.6007
168.915
52.1292
328.5733
74.4804
203.9556
323.0438
228.9172
179.2731
314.573
249.3407
232.1635
299.3107
392.3224
152.8116
261.594
27.5998
56.7783
101.5719
354.1456
200.8829
228.5198
240.2325
133.9906
300.4622
105.2344
69.1123
273.5739
395.9024
224.8315
99.1557
222.5738
97.5699
97.734
149.1209
31.8931
48.1866
352.7961
291.2082
93.1774
32.6099
254.8222
167.6327
216.0168
328.6552
197.1831
260.7612
64.2664
97.11
76.8254
382.865
165.4461
161.4557
316.8801
177.9457
93.7566
332.762
24.6854
336.3374
191.3737
223.1126
337.5454
161.7717
216.5921
150.3093
71.034
316.4113
172.8774
314.2256
372.2055
84.4019
396.0897
222.8334
397.7005
75.0855
165.715
49.1926
119.0497
289.7092
175.0169
243.2377
3.8206
67.9076
118.5003
248.4055
65.627
188.7087
353.1294
197.1941
377.4205
91.5807
120.2679
32.0203
370.3668
217.312
320.4886
70.4397
334.7298
380.8197
370.7502
43.019
209.6519
265.5867
391.365
74.3152
42.1297
377.8021
237.2603
143.2774
11.8697
356.7828
175.4664
96.954
377.3164
274.022
161.9489
142.9724
82.2871
179.7396
360.2529
310.7024
313.4252
259.5363
242.5737
61.7239
61.8427
197.7844
224.142
178.0637
288.5922
121.8241
62.0359
362.3706
295.6149
250.0805
359.4962
193.095
294.001
99.2706
228.8728
17.523
201.3107
78.5974
142.3249
333.1221
199.1267
184.8078
26.6323
253.7885
255.2421
13.864
170.0394
116.8554
232.6951
382.8204
151.3046
291.9449
303.7515
313.3933
286.0033
98.2993
372.0946
183.829
53.9479
230.1804
35.2121
367.3406
156.9198
133.5252
40.9049
266.5712
158.5386
223.838
295.9594
8.4738
396.0098
74.2621
155.3098
94.7557
189.0335
80.1691
381.4771
167.6528
181.7742
348.9689
6.6176
180.907
263.8105
282.1564
132.1365
378.2069
171.5568
260.8957
260.316
183.581
19.1747
74.8301
275.8084
252.3391
39.7599
122.4082
94.0559
56.4743
59.958
183.9675
362.9344
206.8098
102.9718
327.6493
116.6722
81.1347
338.8095
39.5875
322.596
103.5875
381.3252
341.935
61.4955
237.7713
313.5687
201.0594
117.1168
316.2787
152.3498
7.5846
383.9063
206.3916
341.8036
19.3001
345.8836
245.3891
125.877
327.777
297.9747
318.3122
117.7808
286.7889
279.6628
156.9097
349.9231
364.62
206.0545
226.3205
57.1079
397.1574
56.3558
42.7096
173.4031
1.4152
52.2971
187.9941
129.6463
215.398
64.4976
284.1095
87.6595
310.541
81.0302
384.3872
270.7053
38.191
83.7149
214.9474
8.5818
151.0005
4.5941
98.7729
391.2928
363.9206
304.6194
61.1724
37.3137
94.9532
291.3869
204.7327
53.3826
295.6819
393.2564
323.3809
27.098
17.0433
179.4504
107.2481
296.7011
103.0707
348.5407
259.3851
107.8839
167.2154
181.279
230.7742
332.4034
303.4506
308.0848
206.8747
231.3237
200.5343
247.5518
351.0338
173.4224
78.2868
214.5553
288.4423
376.9268
175.3032
228.1069
49.4578
347.565
162.8211
251.676
88.3673
383.6322
284.5366
356.7151
185.2997
220.8975
228.2072
75.9063
176.0444
34.3225
272.8424
12.6185
204.2975
239.0751
198.9096
145.5688
41.9754
23.9903
399.7304
375.0416
47.8214
56.7964
383.0718
35.1633
1.001
212.4132
220.4187
5.8687
291.3536
149.0004
37.522
268.2026
397.5126
228.475
268.1143
10.2729
98.3183
91.8003
140.751
81.2624
128.6012
137.5501
345.5355
295.1231
82.1598
374.7186
202.5781
215.4912
58.0697
307.3318
301.2803
18.1481
64.1534
11.9992
24.7239
113.1976
10.5965
269.8834
4.689
123.8964
314.504
222.734
69.7192
137.942
346.0227
128.5416
6.1531
182.3148
114.1473
25.5471
362.6958
170.3674
106.4098
60.0976
363.5097
369.0233
238.4289
93.6081
197.8363
201.9459
325.28
163.3089
337.0855
29.1708
137.1359
158.4579
296.5234
201.1104
295.6223
197.6923
117.1144
395.4613
245.8113
146.712
252.6811
158.6009
175.0767
40.9763
93.799
151.9437
105.3256
384.3378
207.3572
348.0666
49.7952
103.1245
14.6046
182.1303
193.1019
27.6088
217.3323
209.5688
345.3735
245.133
59.6365
286.0056
38.4385
168.8734
151.245
63.6306
66.1031
31.4608
159.9173
383.2338
134.2739
167.4817
201.744
193.5124
281.3834
106.7896
75.7813
41.677
365.522
113.1259
343.0065
151.6164
367.5191
20.1882
46.1137
93.1589
333.0382
367.1106
322.223
377.3906
55.9552
259.6852
394.3909
88.609
381.328
139.8437
233.3592
33.5997
157.6213
51.5059
19.9164
263.5483
116.7497
129.3448
330.6491
267.4753
45.2354
122.7293
137.1285
42.8613
183.0583
79.4125
87.3147
324.775
140.4999
39.182
388.4861
65.3479
287.5817
119.6989
376.3535
385.7665
262.8105
242.6897
9.0987
269.9871
11.0902
14.7141
205.6149
246.9325
168.0166
208.5916
184.3591
324.7825
92.9559
41.4443
115.0487
370.9475
156.5779
150.2902
45.0346
4.0178
76.4452
152.5088
342.8045
57.9103
135.8847
396.8539
94.3705
58.1031
399.7805
378.2218
91.7827
306.499
243.2106
169.0033
175.6698
221.3494
280.8836
5.9241
220.8565
97.983
216.1263
307.1682
268.5359
367.8761
222.8758
168.6116
270.0595
243.1881
116.4516
47.1458
39.7008
134.6915
307.7097
211.988
316.475
277.8391
62.6405
253.5306
133.9398
143.1158
25.4153
98.332
323.7551
271.9963
137.8396
22.3376
199.8636
2.6163
40.9353
282.1202
28.5244
51.5055
262.7837
280.0388
121.0253
257.7737
290.3008
142.7384
340.9822
28.3357
236.8512
92.7854
199.6908
381.2482
366.4471
257.8983
381.9221
253.6353
84.3561
370.8575
282.8477
227.2486
287.7595
118.1247
358.1252
356.9475
12.2762
371.3635
323.8529
17.3718
293.2423
316.187
240.6022
235.4059
106.914
273.3771
235.7499
280.7836
304.329
175.0914
219.7359
364.4797
270.6405
25.3133
308.4652
259.2
112.6501
65.9596
259.0685
107.7405
89.7764
141.967
371.6011
280.8629
49.7003
307.9505
278.835
251.8725
210.1553
175.7505
118.9589
80.8865
389.6405
243.3063
394.914
59.7784
387.6745
249.4276
278.3369
378.6456
347.9497
217.8405
53.0582
11.2022
252.3709
84.4364
216.9327
159.8773
327.8398
243.6677
37.2734
247.1583
342.8653
34.9449
329.7628
70.6229
68.4127
244.6692
215.1877
112.9282
363.2109
48.9736
357.2876
363.4508
130.3801
134.08
371.7754
20.4307
112.3385
25.4104
250.9748
177.6996
125.7722
254.2239
52.05
55.2841
287.1669
106.236
42.8524
274.5885
264.1167
201.3607
239.2975
65.2886
86.1464
209.8704
260.848
381.5517
151.2149
154.8825
131.5065
129.1781
336.1717
108.6351
319.6084
259.605
237.7198
114.0152
245.8225
102.4158
337.492
317.8404
120.0442
375.6176
255.4297
236.4922
278.1579
292.0347
174.1355
391.1873
61.3518
332.674
56.8594
60.3564
54.633
212.3029
123.8063
93.0578
54.3839
357.0273
111.747
55.4343
93.9244
42.8844
72.0305
52.6814
296.8551
197.5595
116.258
322.5178
217.3289
118.5689
325.026
53.9621
93.1969
225.0105
101.9379
105.9006
3.7294
294.8529
40.9573
74.9529
118.3881
221.3393
211.7666
355.7375
396.7933
49.9745
29.7347
98.1707
69.6731
111.2029
150.8106
66.3361
52.1772
214.7874
233.7968
114.3657
176.5934
231.1362
268.9622
74.9984
343.0658
373.6054
168.1136
241.588
362.1949
151.9737
70.6647
164.6145
306.7269
54.7774
258.2346
227.9918
337.1004
102.4861
176.5591
51.1515
212.4438
295.2426
13.532
300.4189
264.3597
19.5283
14.7761
380.6752
132.7456
36.0199
174.0903
248.7524
177.769
277.7789
112.6101
242.4307
131.5502
19.4948
104.9243
149.1557
127.0193
240.6267
172.7027
102.4588
357.8262
374.7149
205.7341
133.4559
87.002
59.9314
378.0035
161.5935
89.8185
240.3651
87.5091
38.6333
62.9783
379.4164
138.8918
378.2443
78.4772
339.0146
245.8588
307.725
95.4187
235.042
275.9382
35.9658
348.6103
53.0583
266.8117
39.8018
35.615
214.0999
127.7982
290.6071
63.8084
106.2381
179.4989
281.0207
170.1463
69.2971
193.4987
94.5589
148.1821
141.1995
363.2325
122.5829
244.8185
261.8435
11.1805
116.2113
343.251
21.2316
123.4949
132.5735
8.6851
40.8398
33.6749
82.9296
205.6313
144.7768
197.3847
62.9787
196.7854
191.7043
227.553
158.7383
362.4588
367.2385
349.2023
135.8983
36.3736
199.2461
15.5476
178.1621
380.6937
240.7701
169.8372
290.1602
375.5981
292.6325
36.239
273.5652
80.1313
33.4789
149.9111
337.0132
255.4654
96.4508
89.2781
392.8776
378.2723
399.6881
120.5235
35.0375
201.4645
59.391
203.3147
167.5221
292.4119
148.8334
337.7459
308.9546
4.8187
46.8956
239.3402
147.185
265.6588
251.1516
243.5077
333.2297
13.0179
185.5311
56.4398
239.9751
16.4182
127.5272
337.2638
298.175
155.9168
279.2646
336.8761
286.6118
223.6581
121.6757
331.9184
396.359
376.2837
210.5151
262.1795
118.0978
205.3576
134.251
115.1806
153.1003
2.8036
229.1007
213.4301
4.9549
135.4439
19.6439
264.3853
2.5349
349.8036
13.5634
227.2595
332.9234
289.8226
146.0242
183.7201
72.1397
324.0575
312.0469
396.9853
179.32
16.7997
359.5801
349.5759
71.0637
217.5391
227.5428
59.3877
74.431
19.0537
101.1937
352.696
223.1778
128.2221
163.7471
254.0479
284.0784
290.4228
258.7136
399.6203
301.8233
336.2488
300.4411
375.6816
57.3008
163.4751
241.1759
265.6101
272.9166
217.2776
37.0626
104.3647
1.8726
95.5748
68.6587
386.6024
162.3235
316.1087
139.5516
248.2342
299.1337
200.6195
330.5859
209.4719
399.3491
352.6771
83.5871
147.268
326.5896
296.9803
217.7926
354.1576
233.6397
130.1631
37.2291
273.7711
60.201
56.0525
132.3505
390.921
91.7781
390.2204
313.1598
106.4008
159.1686
260.5921
185.4446
258.0467
197.6334
93.9544
357.6006
319.4765
288.0892
119.2149
143.8568
230.7163
133.8266
129.3421
254.4081
366.4638
27.2422
353.4977
176.2707
3.8917
33.0335
213.3884
356.7848
164.484
319.9438
341.0026
199.8021
333.074
285.8499
199.7608
334.153
191.3614
104.2768
260.9056
154.931
70.4912
305.6537
203.0316
370.7597
58.8293
330.1983
37.3318
393.6448
286.6978
238.2148
396.7785
238.0888
186.4359
275.5164
317.4311
321.9923
53.5632
292.7887
133.6027
202.9711
187.9138
394.1814
54.2193
236.5108
124.5295
345.256
209.7145
94.7908
136.4679
390.191
86.5696
73.8261
21.8817
219.5119
224.6737
352.4626
272.6126
70.6771
10.9059
302.6316
180.2689
283.0688
96.3525
208.2999
198.9369
395.9697
126.5029
204.5235
177.8703
120.8921
246.7212
395.4371
30.7152
117.9815
337.0274
55.4908
111.762
258.8177
348.0361
2.8093
212.2772
171.9135
89.4335
282.472
213.8178
321.7421
361.7026
105.1082
164.5273
343.8658
240.2405
274.7353
41.9018
163.439
380.4798
268.6897
305.6586
214.9615
213.4877
202.3156
376.0187
66.2597
277.9899
128.3229
181.2287
396.1534
395.7412
276.5063
58.7436
27.4525
57.8999
328.9695
6.1253
104.7409
171.9566
302.7442
18.6667
50.378
203.8799
174.7209
199.518
66.8698
75.8951
45.4385
225.9199
134.269
156.2137
71.4769
390.3472
122.7265
285.2964
159.7713
350.2037
34.4907
107.308
361.697
252.7245
335.7789
26.4927
226.0463
362.1995
85.6974
150.7268
167.8013
74.6591
215.9359
145.3311
257.8837
59.5883
206.8514
347.8676
16.799
215.1911
330.4134
337.7894
324.0929
109.9185
133.3927
231.137
35.6846
41.6462
144.3336
316.5701
276.8975
140.2365
314.0102
229.4273
308.8772
325.1636
110.4455
56.4651
35.8748
95.0214
382.5984
388.5334
193.6155
34.4316
8.6311
191.6258
235.3845
45.0354
398.7636
397.4983
65.376
363.4991
264.89
348.3088
149.2881
66.9897
377.1711
10.1361
250.7226
92.5126
38.3066
276.4776
1.6561
188.0464
220.6298
303.8556
101.6334
327.6427
272.4497
363.7242
210.6667
186.8154
346.1071
127.3999
213.2163
393.9772
15.0453
296.4291
26.9031
12.0997
345.6967
398.4338
145.3356
119.8951
161.0461
50.1045
270.9459
100.624
169.895
161.7636
87.6188
17.6327
381.317
219.9777
290.1588
56.2544
136.1586
266.1148
385.5093
142.63
8.6433
37.2638
181.4463
56.154
157.9522
49.0802
297.8947
220.0997
95.3677
102.5039
105.1687
278.1141
70.1047
155.0188
219.8635
90.088
153.3079
255.4527
335.3853
222.3675
362.1188
33.0164
170.4774
249.181
274.6906
208.155
49.5703
243.5009
140.2794
374.9514
258.8624
247.7031
316.7965
366.6772
365.5411
320.549
214.2375
390.7492
272.7349
101.8821
283.5913
272.3361
253.5918
63.2215
379.4977
302.7048
158.8117
253.2894
7.5411
329.4642
324.4618
371.7484
98.2764
164.6558
204.6445
161.915
196.1056
200.6967
252.7492
57.6359
153.1892
381.7071
123.1417
266.5973
140.4219
231.7855
265.9314
115.1106
252.779
352.1812
233.7096
34.2623
75.5329
172.9573
215.8037
179.2657
272.8538
227.4101
6.9532
381.7074
102.849
381.8895
383.251
326.4709
234.3824
152.8368
62.1771
50.9314
250.5356
279.5046
100.8503
28.3037
238.915
190.9382
161.3174
352.4972
163.2976
125.9689
169.9107
393.1159
306.8097
298.257
269.0258
280.5978
397.6965
152.0482
229.9343
220.5955
203.6643
227.1199
301.0228
22.2046
387.4724
12.5368
108.6263
50.7602
158.9175
130.9225
107.0983
272.2425
242.6763
326.7211
43.0489
129.6801
45.6801
390.9868
221.9378
162.5639
85.534
278.5819
27.2096
31.4838
392.2429
7.5023
95.2594
18.7202
312.4716
54.6518
19.7525
91.7944
358.047
43.672
127.1944
317.515
272.4157
239.881
44.9733
127.5818
25.7937
98.1505
218.019
232.4158
208.5733
66.2151
231.702
215.2481
330.4565
335.0011
311.4845
168.347
264.4402
126.6267
398.0011
296.9606
268.0945
173.0469
147.2065
225.2165
143.1616
330.2613
169.8572
178.1404
205.4021
111.6533
45.465
221.4287
285.274
243.2099
48.6869
204.4176
320.7107
138.6089
375.9854
101.4511
219.6762
219.5844
120.3069
24.1445
133.2754
385.4724
97.4674
260.3982
120.4245
150.312
270.5757
44.227
112.632
65.911
278.6574
181.6658
258.1438
207.2571
48.32
174.0645
19.3719
163.226
251.4517
386.6824
119.0557
172.8086
109.8638
138.0191
246.721
386.1746
146.6218
16.4806
24.1575
312.966
18.7041
284.2167
46.0146
220.876
31.3242
68.793
210.5774
109.3418
103.7416
278.879
63.1645
364.6288
274.8571
286.2395
159.5085
84.0684
357.6493
116.5264
143.2886
149.0445
128.6693
229.878
147.4676
62.529
162.0389
281.4893
303.5381
381.5927
391.0214
55.792
175.0475
116.57
390.2333
275.3503
299.4608
398.0193
59.3381
391.8237
174.5332
255.9361
8.3234
370.4976
275.0811
122.1972
115.4242
128.6792
198.1983
83.182
34.4548
246.4674
293.752
93.4498
63.9551
355.7405
128.3922
271.1986
381.2425
240.37
6.317
321.8548
377.0584
380.2246
24.5747
385.5856
358.8565
298.6694
53.3245
10.0011
34.801
80.8849
397.4346
230.78
356.9278
171.2764
133.8583
388.8577
346.6011
64.2804
346.4748
173.1795
117.8876
122.883
161.1583
104.8605
68.79
344.5422
177.0872
61.3834
31.4973
265.2791
380.9606
273.695
266.3362
81.8893
193.225
113.4421
182.9957
9.4546
181.7225
398.7192
161.8773
391.6158
342.6655
161.2996
28.1953
378.7322
309.2367
10.4625
240.5016
226.8244
352.9759
200.3975
309.5157
375.9812
268.0861
82.8946
318.3111
33.8615
315.1629
37.4201
13.5632
368.3585
170.4321
154.9857
80.9925
232.5891
61.4392
286.8432
57.9406
299.4247
264.0389
17.9393
94.5009
114.33
44.7978
377.1082
272.3853
298.4521
362.474
322.5755
89.2302
138.164
51.6096
227.0769
252.0563
159.8991
96.0622
363.809
114.3645
299.0417
115.9082
287.8065
368.0698
232.9209
239.3734
167.9214
171.5207
324.3795
218.685
228.6522
361.6483
29.6263
293.0662
19.5141
198.6536
243.4333
332.0706
32.8911
102.3957
351.4437
1.9471
143.4385
6.7032
280.8479
110.5501
11.6089
62.4484
340.4947
290.4146
53.3123
339.2627
312.217
373.7214
237.2235
257.747
349.5623
211.6587
21.7878
197.4553
210.6287
286.0984
18.7086
86.7776
370.3872
197.1419
203.6985
64.5161
46.0856
339.7394
90.1323
184.6653
298.8321
76.6768
145.7176
272.628
115.1321
259.2452
31.0599
208.6536
396.2635
226.5777
282.3874
204.2563
282.5587
52.3998
337.6361
382.9934
1.6054
269.2411
81.7235
259.2121
225.3553
103.3968
27.5303
314.756
351.333
144.8169
278.597
155.1431
235.9771
160.5883
361.1873
83.7319
28.7147
19.9367
365.8265
348.7756
143.8628
30.1572
87.8945
206.8643
110.2722
66.2123
168.4939
41.6406
27.493
281.7569
140.7285
370.8675
79.0504
314.3244
221.5903
95.1242
120.1717
243.2794
386.312
41.6898
122.0342
94.2424
332.0395
330.9496
37.4967
282.9303
263.4656
110.4238
28.3884
44.5839
284.5323
169.7056
238.0929
14.703
198.5824
152.6824
58.2865
97.5878
386.867
389.9301
196.2206
103.2386
24.4914
162.9673
228.7207
61.7231
41.2312
27.9267
179.7309
200.3845
351.1791
254.1575
312.7115
54.3963
3.2292
121.4027
281.8204
202.7492
164.3776
349.4599
379.0175
96.9378
136.2087
92.5383
101.1365
210.5605
222.6108
103.6493
6.5809
190.1066
5.4274
292.1532
21.0163
380.6005
282.2123
21.2155
98.7689
371.2773
287.975
272.2865
100.5474
73.2016
219.4584
254.9746
372.0868
286.1498
286.0319
296.2776
246.7689
181.9032
271.4755
365.2714
196.9663
345.8828
179.8177
204.7399
119.6182
213.9834
38.9872
241.994
139.0262
86.2949
393.0787
299.7063
181.844
50.1321
300.2641
50.787
254.1912
240.5886
67.7459
184.1434
113.5603
304.0705
365.7862
159.3274
21.7023
253.6501
26.3193
79.8424
322.8027
350.597
88.1328
384.9349
132.834
68.6332
329.8341
248.3125
13.6017
379.1334
258.6083
267.2555
190.1756
219.7575
393.9726
289.3452
254.1756
103.7688
98.0075
337.3841
171.97
334.8355
62.7514
194.3595
52.05
310.1207
162.618
183.7571
394.7398
308.4593
251.5879
16.4491
368.7761
70.8042
92.0762
122.7513
165.6659
291.4533
132.0683
