376.0
272.0
33.0
183.0
293.0
167.0
228.0
58.0
31.0
35.0
249.0
172.0
389.0
218.0
90.0
395.0
224.0
357.0
287.0
378.0
81.0
212.0
29.0
221.0
385.0
29.0
183.0
172.0
383.0
351.0
288.0
235.0
93.0
366.0
394.0
224.0
392.0
283.0
185.0
46.0
315.0
253.0
330.0
112.0
270.0
358.0
60.0
209.0
341.0
129.0
330.0
209.0
362.0
294.0
230.0
267.0
335.0
209.0
211.0
382.0
180.0
271.0
388.0
362.0
174.0
72.0
370.0
74.0
264.0
313.0
195.0
122.0
39.0
243.0
298.0
8.0
365.0
395.0
390.0
389.0
316.0
158.0
6.0
106.0
58.0
332.0
51.0
336.0
338.0
318.0
203.0
315.0
225.0
44.0
314.0
265.0
307.0
169.0
99.0
268.0
332.0
131.0
219.0
19.0
177.0
246.0
253.0
74.0
341.0
212.0
299.0
391.0
254.0
244.0
275.0
307.0
142.0
224.0
371.0
168.0
162.0
236.0
15.0
67.0
11.0
320.0
275.0
254.0
282.0
336.0
148.0
233.0
358.0
357.0
169.0
217.0
265.0
277.0
215.0
239.0
394.0
149.0
10.0
105.0
43.0
161.0
88.0
151.0
52.0
77.0
257.0
322.0
291.0
187.0
19.0
254.0
14.0
345.0
72.0
56.0
136.0
185.0
364.0
378.0
355.0
374.0
24.0
370.0
394.0
329.0
390.0
45.0
7.0
264.0
298.0
166.0
255.0
12.0
90.0
91.0
162.0
98.0
273.0
242.0
59.0
233.0
20.0
260.0
303.0
125.0
219.0
151.0
89.0
136.0
214.0
189.0
171.0
389.0
135.0
354.0
185.0
184.0
94.0
165.0
119.0
283.0
70.0
197.0
82.0
67.0
166.0
188.0
375.0
229.0
172.0
121.0
220.0
145.0
163.0
103.0
393.0
3.0
297.0
291.0
213.0
155.0
185.0
391.0
68.0
205.0
272.0
364.0
330.0
210.0
103.0
144.0
75.0
65.0
129.0
247.0
134.0
177.0
121.0
105.0
217.0
104.0
231.0
282.0
268.0
77.0
131.0
383.0
24.0
324.0
297.0
399.0
336.0
360.0
46.0
248.0
154.0
357.0
149.0
103.0
194.0
213.0
388.0
145.0
227.0
65.0
336.0
177.0
206.0
265.0
133.0
395.0
376.0
400.0
250.0
369.0
191.0
170.0
290.0
393.0
2.0
398.0
26.0
349.0
233.0
289.0
78.0
234.0
228.0
178.0
30.0
267.0
168.0
48.0
304.0
304.0
346.0
328.0
333.0
233.0
79.0
129.0
86.0
317.0
108.0
214.0
91.0
381.0
341.0
90.0
170.0
138.0
311.0
194.0
397.0
106.0
149.0
172.0
238.0
301.0
103.0
241.0
48.0
307.0
213.0
336.0
253.0
333.0
347.0
315.0
160.0
59.0
6.0
383.0
307.0
9.0
372.0
36.0
300.0
306.0
30.0
170.0
128.0
153.0
384.0
157.0
400.0
10.0
139.0
325.0
224.0
109.0
179.0
17.0
223.0
12.0
318.0
369.0
242.0
206.0
281.0
25.0
123.0
369.0
292.0
315.0
364.0
184.0
194.0
233.0
19.0
177.0
368.0
323.0
294.0
99.0
115.0
225.0
1.0
374.0
259.0
348.0
300.0
179.0
296.0
315.0
161.0
297.0
128.0
76.0
168.0
7.0
242.0
351.0
219.0
269.0
19.0
298.0
242.0
173.0
208.0
85.0
320.0
265.0
243.0
353.0
389.0
123.0
65.0
319.0
138.0
182.0
298.0
17.0
391.0
29.0
31.0
370.0
32.0
286.0
186.0
376.0
165.0
83.0
41.0
138.0
235.0
58.0
17.0
104.0
172.0
65.0
1.0
55.0
148.0
366.0
140.0
61.0
303.0
229.0
314.0
179.0
241.0
146.0
20.0
6.0
320.0
341.0
13.0
51.0
222.0
103.0
67.0
243.0
283.0
204.0
291.0
160.0
191.0
360.0
231.0
61.0
160.0
350.0
203.0
65.0
366.0
164.0
126.0
293.0
241.0
131.0
30.0
238.0
54.0
112.0
17.0
374.0
337.0
338.0
35.0
195.0
324.0
373.0
377.0
94.0
265.0
145.0
238.0
323.0
156.0
397.0
223.0
82.0
287.0
149.0
346.0
28.0
95.0
170.0
343.0
239.0
267.0
70.0
113.0
314.0
345.0
288.0
43.0
17.0
146.0
339.0
197.0
84.0
103.0
276.0
144.0
110.0
30.0
175.0
286.0
356.0
102.0
167.0
2.0
6.0
374.0
52.0
230.0
164.0
74.0
356.0
149.0
351.0
201.0
383.0
347.0
260.0
289.0
306.0
201.0
216.0
330.0
220.0
225.0
92.0
75.0
343.0
121.0
122.0
398.0
328.0
168.0
30.0
12.0
128.0
61.0
257.0
277.0
282.0
306.0
225.0
335.0
396.0
16.0
248.0
58.0
335.0
301.0
280.0
92.0
203.0
138.0
215.0
187.0
66.0
266.0
74.0
124.0
47.0
185.0
37.0
191.0
143.0
3.0
276.0
292.0
251.0
84.0
216.0
24.0
144.0
65.0
77.0
100.0
42.0
191.0
264.0
106.0
43.0
141.0
136.0
313.0
5.0
31.0
147.0
286.0
303.0
280.0
385.0
267.0
385.0
241.0
140.0
254.0
314.0
198.0
6.0
256.0
276.0
74.0
258.0
185.0
365.0
346.0
55.0
147.0
320.0
340.0
90.0
330.0
352.0
162.0
320.0
18.0
353.0
134.0
337.0
215.0
20.0
331.0
90.0
78.0
348.0
48.0
235.0
194.0
108.0
344.0
300.0
274.0
233.0
312.0
400.0
123.0
352.0
302.0
247.0
383.0
341.0
71.0
396.0
189.0
13.0
205.0
211.0
201.0
333.0
157.0
369.0
113.0
269.0
384.0
67.0
1.0
169.0
153.0
228.0
277.0
273.0
296.0
384.0
264.0
226.0
322.0
262.0
171.0
56.0
9.0
294.0
338.0
213.0
344.0
244.0
261.0
133.0
180.0
296.0
6.0
259.0
12.0
250.0
148.0
383.0
27.0
47.0
269.0
150.0
199.0
377.0
70.0
179.0
138.0
281.0
236.0
147.0
92.0
218.0
118.0
273.0
246.0
43.0
389.0
305.0
31.0
88.0
210.0
76.0
149.0
133.0
225.0
46.0
309.0
194.0
32.0
350.0
111.0
111.0
198.0
129.0
232.0
107.0
392.0
286.0
117.0
75.0
327.0
232.0
396.0
199.0
304.0
46.0
305.0
340.0
234.0
21.0
22.0
346.0
48.0
200.0
228.0
56.0
17.0
127.0
235.0
244.0
142.0
367.0
294.0
162.0
308.0
11.0
308.0
215.0
109.0
36.0
227.0
90.0
330.0
266.0
89.0
265.0
358.0
250.0
172.0
247.0
81.0
238.0
17.0
119.0
90.0
47.0
167.0
40.0
255.0
81.0
165.0
121.0
342.0
184.0
169.0
206.0
14.0
279.0
346.0
41.0
31.0
94.0
260.0
277.0
323.0
340.0
101.0
47.0
295.0
57.0
307.0
153.0
34.0
65.0
156.0
298.0
279.0
242.0
14.0
83.0
74.0
71.0
10.0
65.0
258.0
195.0
267.0
32.0
378.0
16.0
118.0
388.0
345.0
298.0
388.0
363.0
191.0
344.0
314.0
230.0
260.0
307.0
223.0
159.0
368.0
384.0
259.0
73.0
140.0
251.0
349.0
288.0
281.0
367.0
31.0
269.0
266.0
305.0
220.0
359.0
233.0
337.0
371.0
74.0
314.0
253.0
172.0
17.0
163.0
227.0
154.0
274.0
111.0
229.0
114.0
167.0
21.0
314.0
63.0
304.0
229.0
133.0
214.0
127.0
213.0
96.0
7.0
394.0
199.0
363.0
275.0
334.0
82.0
56.0
153.0
54.0
67.0
391.0
254.0
304.0
204.0
151.0
220.0
341.0
150.0
229.0
308.0
21.0
202.0
295.0
286.0
381.0
388.0
144.0
374.0
26.0
250.0
149.0
221.0
312.0
15.0
73.0
350.0
297.0
91.0
74.0
104.0
52.0
6.0
262.0
267.0
356.0
368.0
216.0
27.0
395.0
95.0
86.0
334.0
213.0
111.0
140.0
28.0
279.0
47.0
36.0
199.0
140.0
217.0
34.0
15.0
7.0
197.0
32.0
18.0
53.0
141.0
98.0
31.0
24.0
185.0
103.0
105.0
340.0
387.0
82.0
343.0
248.0
240.0
308.0
96.0
351.0
152.0
105.0
332.0
48.0
357.0
89.0
110.0
230.0
208.0
330.0
263.0
119.0
83.0
13.0
262.0
284.0
196.0
249.0
