363.0
135.0
29.0
338.0
36.0
203.0
271.0
265.0
293.0
149.0
120.0
400.0
150.0
30.0
188.0
331.0
227.0
74.0
41.0
38.0
35.0
110.0
372.0
362.0
386.0
260.0
331.0
168.0
79.0
131.0
100.0
12.0
115.0
143.0
334.0
51.0
150.0
80.0
68.0
75.0
385.0
222.0
39.0
342.0
221.0
77.0
201.0
93.0
98.0
384.0
362.0
73.0
389.0
33.0
23.0
202.0
112.0
4.0
85.0
339.0
356.0
320.0
217.0
186.0
67.0
247.0
308.0
356.0
41.0
38.0
151.0
227.0
298.0
283.0
136.0
290.0
51.0
162.0
115.0
9.0
358.0
125.0
277.0
249.0
74.0
253.0
41.0
316.0
163.0
123.0
334.0
398.0
114.0
290.0
191.0
295.0
5.0
79.0
64.0
274.0
382.0
327.0
124.0
371.0
77.0
65.0
290.0
262.0
32.0
215.0
257.0
50.0
227.0
394.0
215.0
182.0
35.0
215.0
195.0
80.0
232.0
42.0
232.0
386.0
324.0
334.0
3.0
103.0
176.0
54.0
383.0
57.0
232.0
357.0
257.0
15.0
278.0
4.0
50.0
49.0
38.0
147.0
187.0
316.0
273.0
358.0
37.0
200.0
239.0
266.0
223.0
166.0
270.0
175.0
194.0
164.0
104.0
311.0
292.0
269.0
101.0
135.0
44.0
139.0
48.0
198.0
44.0
43.0
304.0
388.0
24.0
356.0
122.0
264.0
301.0
137.0
32.0
251.0
383.0
66.0
364.0
136.0
216.0
378.0
14.0
249.0
243.0
360.0
380.0
160.0
228.0
291.0
350.0
254.0
90.0
243.0
70.0
11.0
380.0
231.0
285.0
118.0
149.0
21.0
397.0
362.0
308.0
132.0
21.0
218.0
363.0
115.0
75.0
272.0
249.0
33.0
171.0
331.0
323.0
352.0
192.0
329.0
192.0
289.0
110.0
205.0
150.0
211.0
156.0
198.0
323.0
318.0
358.0
328.0
117.0
26.0
48.0
83.0
297.0
76.0
233.0
53.0
293.0
235.0
28.0
295.0
244.0
182.0
303.0
386.0
87.0
24.0
169.0
283.0
258.0
213.0
229.0
239.0
100.0
94.0
70.0
367.0
11.0
324.0
349.0
92.0
57.0
193.0
245.0
332.0
141.0
125.0
243.0
270.0
3.0
366.0
366.0
253.0
324.0
390.0
40.0
237.0
223.0
344.0
10.0
318.0
102.0
166.0
199.0
251.0
243.0
160.0
356.0
201.0
244.0
225.0
48.0
394.0
271.0
187.0
191.0
359.0
284.0
82.0
388.0
239.0
179.0
87.0
151.0
164.0
190.0
92.0
22.0
176.0
44.0
210.0
261.0
38.0
333.0
90.0
275.0
249.0
400.0
14.0
324.0
56.0
86.0
231.0
289.0
206.0
396.0
328.0
207.0
52.0
91.0
311.0
297.0
364.0
25.0
385.0
37.0
52.0
317.0
247.0
313.0
57.0
184.0
53.0
321.0
350.0
305.0
382.0
263.0
249.0
113.0
180.0
232.0
122.0
193.0
24.0
13.0
157.0
146.0
345.0
272.0
106.0
281.0
139.0
382.0
113.0
382.0
101.0
215.0
376.0
254.0
361.0
78.0
55.0
220.0
255.0
373.0
45.0
293.0
118.0
37.0
184.0
21.0
188.0
297.0
315.0
99.0
115.0
112.0
298.0
180.0
68.0
283.0
144.0
298.0
92.0
101.0
228.0
136.0
293.0
3.0
123.0
45.0
143.0
330.0
194.0
266.0
352.0
299.0
125.0
218.0
274.0
183.0
313.0
241.0
154.0
54.0
317.0
284.0
261.0
264.0
136.0
71.0
295.0
214.0
120.0
353.0
82.0
353.0
88.0
138.0
280.0
312.0
218.0
158.0
14.0
275.0
363.0
192.0
175.0
344.0
197.0
298.0
389.0
156.0
140.0
335.0
367.0
18.0
274.0
68.0
311.0
328.0
265.0
49.0
17.0
254.0
251.0
227.0
213.0
16.0
72.0
390.0
31.0
86.0
73.0
104.0
185.0
80.0
234.0
61.0
110.0
375.0
2.0
197.0
112.0
254.0
225.0
396.0
373.0
316.0
187.0
4.0
293.0
359.0
183.0
260.0
228.0
154.0
56.0
262.0
234.0
154.0
94.0
75.0
116.0
