7.5018
1.3274
5.8116
2.4956
3.7572
6.2312
3.9691
1.2462
6.0518
1.1567
7.0062
7.0045
3.8066
1.7876
2.0204
2.4146
4.6662
7.1704
2.122
3.7476
4.6478
7.1948
1.0904
3.4822
3.9425
2.5246
3.5609
6.8372
1.9596
3.0158
5.0062
3.5945
3.2644
6.4082
5.026
2.9629
4.9302
1.9229
1.5129
3.53
5.2261
4.372
6.7526
5.1285
3.263
2.6635
6.1938
1.0017
4.399
7.7134
2.9277
4.7518
6.2121
4.1083
2.7254
3.5118
7.1682
7.2241
1.6709
2.6771
7.8424
7.7228
3.5396
2.8452
3.3811
6.8604
7.1131
1.1967
7.9815
1.3392
3.4927
3.6762
6.1496
6.7244
6.5922
7.3662
4.7872
5.346
7.0233
6.4297
3.9117
3.1603
3.3598
1.7946
5.6277
2.0219
6.2861
6.0563
3.032
5.1447
3.8386
1.6008
6.4218
2.8134
1.8653
4.9624
7.1221
5.2653
7.2415
1.5563
7.6723
5.0073
5.3014
5.4627
4.3099
7.8337
3.6504
6.4862
3.5552
7.477
4.1674
7.994
4.6969
6.1191
4.931
7.8377
4.6295
5.6484
6.597
3.2328
7.2549
5.3115
3.6156
2.993
5.9928
7.8107
4.0195
2.4574
1.2504
4.977
5.59
3.9136
2.8282
4.4736
6.3317
7.9049
6.1685
6.1432
7.3319
2.363
5.6963
7.2252
5.8725
7.7458
7.2819
5.2389
7.2872
3.0534
1.6785
5.8977
5.6712
4.8345
6.799
4.2907
7.5793
2.2241
6.5969
6.4381
5.6261
4.6092
3.8758
1.2114
6.5704
5.7197
6.6001
7.3488
2.5847
1.6042
1.0018
4.5698
2.9556
3.6982
1.8763
3.9243
7.2802
6.7904
6.1474
1.893
2.6569
6.6643
7.41
5.3069
2.5108
2.2463
1.2647
1.8054
3.3543
6.166
2.7218
1.3544
5.7441
7.9876
1.3895
1.902
3.1561
4.0419
1.2513
5.1
3.5591
4.4549
7.5892
4.035
6.6704
7.9445
5.5471
6.0779
4.9923
7.3599
5.3123
6.5228
3.8003
7.784
1.6664
3.807
3.345
5.9604
5.1001
4.4676
6.6252
5.5363
1.48
5.7807
5.7791
1.6333
5.4215
3.2205
7.4521
4.891
4.2865
4.4327
1.4899
7.4299
1.6773
1.8986
7.5228
1.3665
7.0549
6.478
2.1642
6.3604
2.6418
2.4623
6.6101
4.7439
7.2716
2.9904
3.832
7.9257
3.9432
1.8775
5.847
5.0529
3.0178
1.6219
7.4726
6.4048
6.2304
5.0546
1.7135
4.4322
5.5516
7.0429
7.6561
1.7446
3.6767
5.9005
7.2556
5.5853
4.3568
3.3705
2.4034
1.2814
5.2336
1.2528
5.3443
1.3542
7.1649
2.6295
6.1872
1.767
6.7263
1.2157
2.0377
7.1747
5.2423
1.1033
7.7223
1.3457
2.3811
3.5193
2.3504
1.6152
3.3983
2.0118
7.7382
6.6846
7.1126
3.6119
5.9012
6.5034
2.1161
2.168
3.1639
4.3777
1.1592
6.7853
7.6432
2.7435
7.3011
3.927
3.4056
6.028
7.5339
1.3262
6.6944
2.6128
3.4317
2.5219
7.079
7.4295
4.1286
5.7452
1.2278
6.8443
3.1201
4.6598
6.5629
4.6376
6.1425
5.0716
3.3852
1.039
3.0787
2.7433
7.3289
2.1591
3.08
7.1064
4.7467
2.036
2.6255
3.704
4.6876
5.7353
4.2397
7.0376
6.7996
6.544
3.7014
1.7254
4.1372
3.7296
1.1427
3.2877
6.188
3.3819
3.229
5.3911
2.6382
7.3323
1.1264
6.0637
3.0933
7.2128
2.944
5.0388
2.2866
6.6541
7.3566
2.7173
7.5827
6.8892
2.3979
5.6952
2.7043
3.3512
1.4578
2.3484
7.8333
3.9154
3.6255
5.8031
3.0115
4.6073
1.0523
1.941
3.7052
1.6219
6.6492
6.7725
5.7292
2.2171
5.0725
4.0118
5.6056
6.564
5.763
5.0338
1.0473
7.0523
4.4455
7.9521
4.8417
7.9994
2.5911
1.5377
6.9096
7.445
1.6637
7.3309
7.4388
7.7783
1.4583
3.9468
7.0755
1.9425
3.2588
7.2157
7.6399
2.7688
5.2934
2.0586
4.5606
1.6893
7.7111
4.1442
5.5624
4.8597
7.8978
3.6677
7.5821
6.6512
6.1384
2.9762
7.8556
6.3022
4.2674
4.4818
6.3787
4.4435
4.9658
2.9662
3.186
7.6693
3.6968
4.0015
6.5005
5.993
5.5418
2.9439
7.5699
6.9971
7.2984
1.498
5.8896
3.2247
7.9742
2.8376
5.868
6.4041
3.2529
2.2571
6.1739
4.8508
2.6535
6.5285
3.7264
1.6062
2.6661
4.376
1.0708
3.1501
3.5784
4.8668
6.5423
6.3135
4.2659
5.1667
3.1871
7.6221
5.6239
3.9603
2.4831
1.0938
5.945
6.2117
1.7054
3.5675
7.4689
1.364
7.7717
4.4156
2.5671
3.6575
4.556
1.4207
5.1127
5.5822
1.2871
3.8711
6.4364
4.2641
3.4167
1.2965
1.2459
4.87
5.8655
7.0294
2.3051
7.7406
4.7639
4.2264
7.1485
2.9878
2.037
2.5981
2.789
3.9455
6.1079
1.7785
2.8594
3.997
7.3356
3.9567
1.3572
2.6499
1.5625
3.0428
2.7072
2.1947
2.3643
3.2273
7.577
2.8214
6.1242
5.7104
4.9221
4.2665
1.7204
2.7818
5.5446
5.632
7.9226
4.2967
5.7556
5.1546
7.7578
2.5737
7.0102
5.9441
4.3831
3.0887
5.5573
1.616
3.5678
5.0158
6.1778
2.0285
6.6313
2.8346
4.1599
4.1387
7.1611
4.4705
5.4628
6.2759
2.411
2.5157
5.931
5.3143
6.6547
6.3526
3.2326
7.5509
1.6575
1.6324
3.6336
3.8032
3.4382
7.8231
3.6156
3.177
5.3288
2.5118
2.1146
2.0083
3.0518
4.0196
4.555
6.4168
4.2954
1.1208
7.9281
7.3309
2.5066
1.6006
5.4743
7.1803
6.4176
1.4227
2.6524
3.106
2.5906
1.6824
2.9333
1.5213
2.1512
2.553
4.4115
1.9103
1.1173
4.9632
4.7214
2.0755
3.6377
4.3753
1.7986
1.9307
7.3691
3.3382
4.331
1.0545
7.787
4.1374
7.1333
3.6501
5.1518
6.4785
6.8128
1.1044
5.3125
3.7304
7.9173
3.2496
4.4895
6.4714
6.9321
6.3855
7.6306
1.5914
3.3669
2.9336
2.6701
2.1974
7.5142
1.4396
2.5028
7.1102
5.6787
7.0612
2.887
1.6748
3.2447
1.5051
1.5454
2.9696
5.7428
6.0432
4.7117
6.6274
7.4589
4.2405
5.4618
6.6275
4.6604
7.3918
2.6861
1.066
4.6192
6.308
4.9962
4.2738
3.6258
7.1054
2.6321
1.8789
2.01
2.8866
3.0608
7.7169
4.98
6.6899
7.807
2.3823
3.4506
5.0674
3.3907
6.9354
7.0763
3.5083
7.1242
2.1012
6.8576
2.6587
2.1189
4.8651
6.0017
6.2406
3.2731
2.1044
1.865
1.021
7.2949
6.1775
7.6239
4.6172
1.3312
4.3226
3.6976
1.4837
2.2348
4.1639
1.9312
4.2134
1.625
1.2417
5.8347
2.7007
3.1299
7.0944
7.1411
2.8373
3.8424
4.0318
2.6648
1.6039
1.1345
6.4655
7.5904
5.5264
6.2018
4.4028
4.8303
6.157
5.0757
5.3254
1.2118
1.5737
5.4611
5.6125
4.7234
1.5572
4.0009
7.6264
4.2936
7.6981
2.3075
3.6179
2.4821
2.3021
2.5051
5.3384
1.6968
1.6065
7.2241
5.5973
5.5205
5.8709
2.4424
5.5378
4.2476
1.8702
1.8023
5.6665
7.6933
2.873
7.6635
2.9499
2.5363
2.4158
6.4457
5.5041
2.3015
2.4013
7.6102
6.5615
5.2772
1.845
6.3197
7.69
3.4263
1.8026
3.7092
3.5685
7.8159
1.914
7.3637
5.7997
6.9113
6.7562
4.2667
3.2104
1.4781
3.8061
7.1957
3.5764
5.9611
1.0488
3.1225
1.5796
2.793
3.1188
7.1535
6.7429
3.3039
1.2896
1.2132
3.3408
3.6289
6.7099
4.6183
4.6584
6.4051
2.4771
6.8964
4.735
6.4984
4.5474
2.7056
2.0051
2.4642
5.4221
1.713
2.7629
5.5101
3.6366
5.2123
7.8998
5.9269
5.4216
2.2659
6.4125
7.0064
1.3356
6.0468
7.1475
2.3662
3.3974
1.9888
1.3376
3.2302
3.0064
7.637
6.2538
4.267
4.0377
5.96
4.0531
3.4712
1.267
6.6745
5.5036
4.1739
4.3052
4.498
4.1784
6.119
4.9042
5.2973
5.0304
7.4556
4.1057
1.449
1.4498
7.6243
3.004
1.8921
7.7433
5.8693
2.4515
6.3363
2.1528
6.6421
7.056
3.4162
1.7682
5.8224
2.0866
4.6016
7.1401
3.048
2.3452
4.8041
2.6133
4.6936
3.6911
2.6449
2.7034
5.9285
4.1606
5.3164
5.2882
6.457
7.1235
5.1502
1.6377
1.9398
5.5503
5.5481
3.6148
3.163
4.4111
7.3906
3.0781
1.2707
7.5259
5.6837
4.3289
6.5626
1.942
6.472
4.6147
7.2041
1.1864
5.8809
1.9136
7.5823
3.4987
6.0874
6.4906
4.8293
2.2229
6.4176
3.4063
1.3307
3.4334
2.295
2.3459
7.7411
6.1223
3.6616
2.3365
6.6295
1.7752
1.2417
6.417
6.8684
4.0462
6.8861
4.6031
5.3137
6.1483
4.4425
4.1769
5.002
3.0853
1.4886
2.4249
4.5578
7.5228
4.0388
5.881
4.995
3.4676
1.5037
6.3775
4.7202
4.8187
6.8841
3.0643
7.4116
3.0802
5.0535
2.0016
3.8764
4.5866
4.4304
4.3182
5.0717
7.9003
4.1229
1.7486
5.515
6.9517
4.1133
2.0752
4.6651
2.0927
5.0934
7.2224
7.9431
5.8375
4.1873
5.8972
4.9914
3.7013
5.0998
5.0894
1.6431
2.9447
3.2303
7.5929
3.1256
7.9825
2.14
5.823
2.6142
2.7099
5.3247
7.9588
5.319
7.3806
2.6127
3.2674
3.8349
6.9123
3.3314
4.9494
5.2805
4.1553
3.1849
4.3135
1.8894
5.9078
7.57
4.3505
7.2169
7.1363
5.436
2.1163
2.5428
3.6049
4.1733
2.9507
3.6523
3.2151
1.0278
4.6888
3.7936
4.0871
1.1367
3.2668
6.983
5.7213
2.3378
1.7781
5.3603
5.1488
3.3367
4.1657
1.5942
2.2381
7.8075
4.6168
4.1631
4.9949
3.4837
1.8177
2.1437
4.1746
5.5511
1.3607
6.3764
5.383
4.9593
7.41
4.618
7.5211
3.802
7.6144
1.5103
4.8611
4.0632
7.3544
2.051
6.6692
6.4893
1.7017
5.1582
6.2002
3.1236
3.8137
5.6232
1.7386
7.1378
5.8378
5.4487
1.5279
2.1386
7.0592
1.4182
7.2388
5.3527
4.8824
4.3005
2.6055
6.0502
7.8751
5.615
6.7064
2.1192
4.7434
1.0342
4.8543
4.28
2.0457
7.1684
2.9946
3.4684
6.5241
1.5275
5.2618
6.8548
3.1216
2.0026
3.3003
3.8463
4.2756
1.558
4.3933
4.9534
7.5275
5.834
3.1988
2.4404
5.929
5.0063
6.8556
7.9779
1.8453
5.9696
5.3744
4.8711
4.2886
4.1513
6.1686
6.155
5.5676
6.1503
3.6149
7.2178
2.6611
4.6516
6.8887
6.0553
4.3755
7.2641
5.8899
2.5751
6.747
1.0656
2.2823
2.2872
5.4935
5.6402
5.7157
3.7619
6.6437
1.5533
3.4814
5.2931
5.6284
6.8608
6.8371
4.5714
1.702
3.8131
7.5902
4.9431
5.8591
2.9448
3.3217
4.1166
5.7772
4.7936
5.5864
1.5149
3.928
4.2886
6.0189
2.9413
6.5211
7.2453
3.3253
3.8828
1.4757
1.9565
4.5337
1.8031
1.3621
4.2051
2.3607
7.5007
1.8901
5.6645
5.8167
5.4047
4.5566
4.779
2.4938
2.6621
6.8783
3.6462
4.6335
2.5949
5.1027
3.1817
3.0136
4.8286
7.8489
2.1093
4.2425
3.1458
7.6725
5.3076
2.5003
5.5038
7.7578
5.0776
5.3058
1.833
5.6156
3.4464
7.753
7.4654
5.725
1.7585
2.966
4.8294
4.1752
4.7606
3.5735
4.2782
7.2686
3.8951
7.136
2.9882
1.602
4.948
3.0717
3.3399
4.9743
4.574
6.7596
4.9188
7.8465
2.2935
1.9997
3.7633
3.3429
2.0027
2.2037
3.3953
2.1332
3.4771
6.5675
6.749
6.1063
7.9383
6.4749
1.2506
3.675
2.5404
3.8381
5.7345
1.9635
6.7356
1.7993
1.3274
5.1145
6.5414
5.0258
3.408
4.5729
6.9167
5.3636
4.5443
3.2978
3.4523
2.7977
1.4585
6.9784
2.0102
6.8079
5.2112
1.564
5.3717
7.0271
3.7344
6.0011
6.076
4.6859
2.3419
6.4493
3.1467
3.9759
2.7429
6.4079
1.6919
2.1016
2.5311
2.7685
7.535
3.3026
4.2714
4.3131
1.3979
1.7165
7.9362
3.4992
2.7342
3.6925
2.7762
6.1682
7.5104
2.9384
7.5597
7.5986
4.5415
6.3626
3.2327
1.5031
7.0828
7.103
4.4369
2.5999
7.0701
6.9123
1.5152
3.3885
3.8402
7.6376
5.8373
4.2561
4.7654
7.1422
6.5267
1.3494
6.5918
3.3583
5.6457
6.9113
2.7955
6.8237
1.2668
2.8818
3.0692
2.4279
1.7483
2.7521
5.2013
4.6846
2.9821
5.7
5.0038
2.4104
3.1958
2.2601
2.1038
7.928
4.6151
7.5835
4.8964
7.0927
3.7615
2.612
2.1714
7.6764
5.6741
3.2832
3.5137
7.7645
6.0273
1.0956
2.4346
4.5704
5.887
2.7872
1.1133
3.8726
5.2603
4.921
7.1153
2.1535
7.8163
5.1177
3.0391
2.4978
1.4231
5.8712
6.8599
6.445
7.5134
6.6477
6.4629
1.2433
1.5442
5.7563
5.4095
6.2046
6.3262
5.1515
1.682
6.4511
2.5266
1.3508
7.3658
2.4264
2.0174
1.9643
5.7402
3.5237
2.0251
3.4886
1.6075
7.2429
3.5968
6.4599
3.165
1.2471
5.6766
5.5748
7.4085
4.0111
1.2408
5.9437
1.2305
6.081
6.3653
1.7736
6.6563
4.0206
3.8598
3.6312
5.9959
6.645
5.6369
4.3316
6.0428
3.9078
4.4482
3.7557
3.8646
4.1955
2.4403
7.5396
6.3456
5.1259
2.167
7.4418
1.7429
2.9791
5.8654
5.0079
4.2422
7.9936
1.7566
3.8501
6.043
1.2094
3.3003
4.4954
4.9317
2.0082
2.8494
2.5188
3.6692
5.3798
7.4423
1.0595
4.7211
4.7705
7.2024
1.712
3.8836
4.2159
5.4339
2.8554
5.7911
7.0928
6.3715
6.8734
5.9846
6.2311
3.682
2.3105
7.8581
5.9952
4.7799
2.2316
1.9299
1.9531
6.5511
2.503
7.348
2.1881
2.2276
4.9802
4.6764
4.4866
1.1533
1.7518
2.6139
2.6453
7.0705
6.224
4.0792
5.3901
5.605
4.4206
7.2638
6.7749
4.7943
2.1634
1.2289
3.7011
2.7001
7.7669
4.9037
5.4308
3.4686
1.1619
2.7024
7.7315
4.9412
7.131
4.1368
4.5637
4.8129
7.3997
6.061
6.786
2.1598
5.7858
7.6917
4.5968
1.7192
5.5923
4.5687
4.1207
3.5597
2.0781
1.9459
7.3058
2.9868
3.3853
2.8888
4.9939
3.8507
5.6565
2.2094
7.5745
5.8001
1.3339
3.2922
3.3478
4.226
5.6191
5.5219
4.4878
4.5209
5.074
4.7435
1.8377
6.9667
1.9959
3.2619
6.914
7.8813
1.1759
7.7441
1.064
3.292
2.5692
7.9028
1.0745
3.9085
7.7354
3.0799
5.489
5.3227
5.9132
6.4555
1.9385
5.3316
5.4574
4.2617
1.9906
3.1687
7.5007
3.7076
3.0111
6.0469
1.7904
6.3915
1.1132
2.3158
6.4018
4.1385
4.7488
4.0312
7.9055
7.2623
3.45
7.9256
5.7112
6.979
7.6994
2.2664
2.4355
1.2973
3.5705
6.5905
2.6751
5.6661
1.4714
2.2135
4.6039
4.3498
7.4526
6.6906
4.8445
2.9443
7.7519
3.5915
4.9373
1.7558
7.9949
2.437
5.939
4.1416
7.6332
2.7406
1.122
2.4587
4.739
2.9086
1.908
3.8865
3.4238
3.8438
7.3328
5.3676
5.9201
1.8279
3.2771
6.1259
7.6633
5.0396
2.9835
5.7422
2.27
4.5293
6.5021
6.1906
5.2963
1.322
5.6632
5.4058
7.1769
7.1309
6.7914
4.5985
3.7802
5.3153
6.2262
6.1961
4.8083
1.4156
6.1239
6.6104
3.7189
6.601
7.637
7.0917
2.2527
3.7285
5.9259
3.1932
7.9549
5.0761
3.4492
2.012
2.9178
3.5629
5.4114
7.7966
6.2276
4.6056
2.7528
5.5918
1.4471
6.8272
1.1429
3.3003
2.1151
6.7181
7.1182
5.3312
4.5291
3.1275
7.1911
2.0677
7.4659
1.6023
5.9646
5.5971
1.4092
5.6702
1.8562
2.907
1.5093
4.3849
3.3135
6.7111
3.9823
3.2029
3.0892
5.6573
2.9661
2.9484
5.5369
7.272
2.8736
6.4243
1.8973
7.447
3.3825
1.8207
6.9431
6.8751
2.7831
6.2796
4.3165
4.4511
5.1391
4.2613
7.2452
7.4404
7.2185
3.849
5.4577
6.1107
4.6015
7.252
6.4911
2.9426
6.9403
3.252
3.7874
3.0775
3.4645
3.7817
5.695
3.0728
7.15
6.4634
3.551
4.5479
2.4019
5.7129
6.2546
4.4142
6.5228
6.4046
6.5663
3.7973
2.2824
3.2823
5.4788
3.9701
7.204
3.3538
3.0687
7.7372
4.0839
2.8971
1.1692
1.8363
7.7548
2.9054
7.6399
7.2566
2.6957
4.1288
7.4645
6.7755
5.2471
3.75
3.3698
4.528
2.8746
1.9627
7.4229
7.0369
7.5408
5.9172
5.658
4.9067
4.5851
2.0738
4.2046
2.3786
4.6452
4.2961
7.8098
2.9947
2.5392
3.2061
1.0749
7.5859
4.5053
6.7602
6.4365
5.0032
4.7776
7.4477
6.6473
1.6868
6.0071
6.7961
6.1051
1.1318
1.5239
1.3171
1.197
5.4816
5.2181
6.2199
5.8235
5.2543
3.3716
2.6322
1.1786
7.9844
2.0168
2.5053
1.5952
6.4388
4.7715
7.7691
5.1946
6.2038
5.8036
1.0671
3.964
4.9701
5.3363
5.0186
2.5656
3.393
6.9273
7.2229
3.4179
3.3333
5.0946
4.1829
1.4953
5.6989
7.8678
3.0996
7.3713
2.9325
6.2988
1.0376
5.0663
3.1853
7.6944
6.2886
1.5974
2.2355
4.6682
4.3246
2.6078
7.1058
7.2548
1.1452
7.5887
2.9981
4.8591
7.4917
1.9151
4.2793
2.0683
2.308
4.2959
7.375
3.053
2.343
6.3074
1.8928
7.1697
2.8648
5.3811
5.3654
5.1898
6.317
7.1819
6.7708
6.9149
5.9615
7.0753
6.6922
2.5508
2.9493
4.9924
4.0904
7.2747
2.8402
7.0768
7.9921
2.6521
3.1697
6.9354
7.7162
5.3672
1.9251
2.2087
1.7339
4.9051
3.7992
4.9337
6.8595
7.6625
5.2695
4.7722
2.6005
2.0644
2.7772
5.9541
2.1469
7.5016
7.1083
3.2791
3.6894
6.0462
2.3508
1.7332
4.9361
7.6243
3.1004
2.1053
5.0784
5.8523
6.6974
2.0883
4.6417
7.6773
6.5953
5.0643
6.4913
7.3938
1.9625
1.8359
3.3058
1.7928
3.8614
4.1361
6.2154
2.386
7.2341
6.4739
5.1035
5.1416
4.5728
4.1952
2.0063
5.0538
4.8684
1.8243
6.2285
4.4028
4.1354
4.7562
2.8667
1.9221
7.3841
2.0504
6.1336
1.8148
6.4174
7.4006
3.2078
7.7791
2.4328
6.4888
3.7627
2.1772
3.2758
5.0464
4.961
5.8495
7.2517
5.4607
7.2453
2.364
3.4289
7.9597
6.7813
4.7515
7.4952
1.0865
3.889
7.8454
3.8762
1.1026
3.6578
4.9777
6.1797
2.3183
4.6171
5.1364
3.1118
4.5232
1.0042
6.344
6.7594
6.0612
1.045
4.6488
5.1959
3.2711
6.2379
7.4715
1.1613
1.5827
4.9647
5.3718
4.9352
7.1342
2.4553
6.35
1.7437
1.1877
4.3434
1.9429
1.1838
5.4432
7.5797
4.8412
6.4903
6.1529
7.9121
4.2576
4.6922
4.4557
7.6005
7.8605
7.9797
1.0305
5.2253
4.6505
5.474
1.4299
2.5915
1.0495
4.1608
6.782
3.8081
6.9825
2.3255
2.6838
1.4246
6.7578
1.0874
5.5001
1.0932
6.7688
4.8656
7.5333
1.0682
2.7315
2.4678
3.4584
6.2497
5.4314
2.2307
7.0809
5.6344
2.214
6.0337
5.3833
7.8742
4.2418
3.0399
4.5767
7.3031
5.6013
1.6501
1.5939
4.9954
7.8242
5.1002
3.1854
5.8656
4.0465
5.4707
6.825
7.1084
7.4472
3.8931
7.4311
7.7458
1.9306
7.9628
1.7464
2.6674
1.1794
4.3172
3.5605
4.1207
7.4589
6.8903
7.4383
4.2359
5.1907
5.2743
6.2243
4.6777
5.3716
7.6751
7.9351
2.7445
4.3566
5.0148
4.143
4.7682
6.0125
5.0929
7.4168
7.5824
3.4073
6.9446
7.7601
4.7325
7.6321
2.6683
3.2978
2.5584
6.224
7.6846
1.9624
7.5592
6.9408
2.3612
7.5364
4.2572
6.9852
2.1085
4.8113
4.7317
3.6341
6.1857
2.68
1.2658
6.5974
4.5475
1.1774
3.2109
6.7718
6.9353
4.8635
1.3547
1.256
6.4374
6.1352
7.644
6.011
4.1744
7.2213
5.6697
3.3929
1.7091
5.2908
5.4039
7.062
6.9872
3.5835
1.1925
5.5769
4.0228
5.7913
3.4645
1.1536
2.0923
4.2789
3.4201
2.4659
4.1069
4.239
3.8012
3.2728
5.4799
7.1917
6.7256
2.5473
4.3789
2.5671
4.2178
6.4367
6.3006
2.1308
5.6263
3.308
6.5899
6.315
5.6276
3.3685
4.7291
2.4507
5.6692
4.0674
1.2885
4.2183
2.8621
2.5258
4.0857
2.8144
4.863
1.5046
2.0957
7.0617
3.7859
2.6758
1.1516
4.72
7.6797
6.5948
2.7398
7.7047
2.0759
6.5164
3.0064
6.3078
1.6853
5.6799
6.011
5.0699
6.7635
7.3625
1.0645
7.3714
1.1702
1.6051
4.1755
2.4359
6.3224
7.567
4.5965
6.3784
3.1658
4.285
1.8836
7.17
4.617
4.9821
7.9632
2.0057
2.6537
7.3003
2.2742
6.2328
3.4789
6.5267
1.0378
2.9919
4.0221
4.9072
5.9186
6.4519
3.7259
4.1728
5.6967
2.6724
4.1051
4.0129
2.472
2.2132
6.8247
5.6529
4.3165
4.7373
7.6916
4.7688
4.3396
5.2352
6.0579
6.8342
4.4697
6.9289
4.2287
2.9402
3.3559
4.7761
7.629
6.344
3.4233
7.698
7.5189
5.7447
2.6643
4.6105
6.6855
4.5573
4.5804
3.9001
6.906
6.7426
6.396
1.6722
6.2623
7.1423
5.5673
2.0173
2.2386
2.528
3.5582
7.9972
6.5548
7.2851
2.976
5.4353
4.3612
4.8146
4.2811
4.5451
7.3676
4.1298
1.3673
7.4254
4.4953
6.144
4.905
4.783
7.561
4.9914
5.2911
7.8664
1.1361
5.2573
6.4706
6.2224
5.7455
6.6791
7.3168
2.8598
2.0327
1.2393
6.5869
1.0518
4.6695
3.8118
5.2182
6.4304
1.8078
5.2407
6.8085
5.7603
2.3793
4.0633
2.302
1.1207
2.2044
6.3678
5.6976
4.0159
5.7136
4.2369
1.6527
1.44
1.1025
1.2664
4.6688
1.9804
6.7924
7.992
7.2768
7.7841
4.9922
2.8112
2.0053
4.3824
4.1641
7.7282
1.8445
5.154
6.626
7.4518
6.1174
2.276
6.9021
2.2854
1.3828
4.3458
2.1732
4.6529
7.2655
5.6811
3.2345
5.4657
5.9968
3.8348
6.4874
4.4417
2.7693
2.3692
2.9057
3.5974
4.3975
3.2173
4.8284
2.5253
2.7775
5.5785
5.2599
1.8362
7.9573
5.216
5.9162
5.5022
4.6721
6.2394
1.0931
2.7126
7.3594
2.2314
7.6099
3.0423
2.1554
5.2573
7.7591
4.6558
5.1594
6.5888
2.542
1.0409
3.0126
3.4317
2.7124
6.4491
1.2327
1.1395
3.2284
7.6361
3.9045
4.8396
7.5853
7.3597
6.2038
5.3014
1.2812
6.4167
5.8617
5.2786
2.4572
1.7097
1.8696
6.7058
4.0824
6.3364
7.5653
3.0791
1.9636
7.9908
5.643
6.9746
5.3575
5.5623
1.8133
2.635
7.8859
7.7865
4.4597
5.1923
1.3678
2.0444
4.1512
3.6878
4.917
2.6028
6.4417
2.2422
2.8008
2.8008
1.2986
3.1883
3.8736
2.9951
2.7645
2.1725
3.6276
7.0179
7.8699
1.5676
2.0552
3.2647
3.5878
2.4757
5.7897
3.0996
3.6949
5.5227
7.8157
1.9275
1.7078
6.7033
3.5522
4.6007
2.3478
6.6326
1.1308
7.4591
3.0415
4.0861
1.9912
2.6135
3.1365
7.5229
5.0502
2.4804
5.0594
4.4658
1.5475
4.5121
2.1432
2.593
6.8006
5.5186
7.7835
3.6177
4.6553
2.6612
6.5931
5.2232
7.7999
7.3828
2.7082
7.1711
2.8629
4.3883
5.1432
2.8661
7.069
4.5146
1.7658
3.6646
5.3098
4.6361
4.6933
3.2049
7.3108
2.7379
1.3902
4.67
6.1744
2.2354
2.0153
4.8255
1.8718
5.6886
6.4381
4.41
3.352
5.8835
5.8192
5.3718
4.8978
1.6473
3.9873
7.5122
1.4671
6.852
1.8968
4.0551
6.7642
2.679
5.7091
6.1378
7.1054
2.5049
6.6491
6.8558
6.9895
5.2798
6.7023
7.6035
1.0001
1.5478
6.8816
1.8957
4.1249
4.5063
6.7043
2.164
7.9255
2.2881
6.1308
5.6254
1.2575
1.8802
6.3185
4.1548
3.9254
5.5029
2.1296
1.1444
6.9674
5.3942
4.0845
7.2044
1.2853
6.2371
3.9754
1.949
6.5823
3.1598
7.5972
4.1072
5.0621
7.1575
7.7149
6.7282
7.1649
1.9116
1.5652
7.4826
6.7158
2.538
4.8856
4.0204
5.8858
4.3349
3.08
3.4448
3.4697
7.0172
5.0455
1.6939
1.0587
5.8515
4.4415
3.4958
2.2016
6.7771
7.3389
7.9699
5.0419
7.9066
1.5579
2.2779
2.753
2.861
1.6717
6.8722
1.3302
5.0488
4.2179
2.6367
2.5287
4.9829
3.0389
6.226
3.299
2.812
5.6655
6.9142
7.3323
3.282
5.0174
5.5803
5.5714
4.2633
5.6587
5.2146
6.2423
2.8633
6.2298
4.6687
2.9603
2.859
2.0264
5.7173
3.6674
5.5188
1.5193
2.3257
1.6436
3.8712
7.1637
2.3763
7.248
2.0206
7.8731
2.8868
1.1926
2.7905
3.91
4.4214
1.5052
5.3199
4.8721
2.0955
4.283
5.6242
3.4826
3.9348
3.734
6.5841
6.8845
7.0349
6.7121
6.7272
2.1478
7.0155
5.131
1.8062
6.6138
5.3764
3.9373
2.8069
7.197
5.9832
5.2517
1.0892
1.8922
6.2425
7.198
4.4502
5.4074
6.8113
7.3774
3.9495
1.2299
7.1345
5.3947
3.0982
2.9615
2.1184
1.0281
6.9341
4.2584
7.7278
1.9185
2.368
6.6285
6.5944
1.1282
1.0372
6.1036
7.8112
1.6132
5.2212
2.8534
1.4774
3.8069
1.3712
3.0645
4.597
3.0403
5.7054
6.4225
3.9824
4.359
6.6751
1.7117
5.639
7.372
7.0338
5.7808
2.0212
3.0977
4.1655
7.6533
2.0539
4.6919
6.0547
1.5529
2.7919
7.8569
7.908
1.9356
3.3628
6.4677
7.9139
2.5805
7.5462
4.0868
5.8537
2.5092
3.2346
7.1068
6.0579
2.3364
4.6891
6.9604
3.2167
6.0658
4.5691
4.889
1.4256
6.1253
4.2373
6.1528
5.9451
3.2703
5.5785
1.273
3.1964
1.0467
4.3057
5.9815
1.0854
2.9116
2.8991
2.9426
6.3673
5.7237
3.3801
6.502
7.4693
5.215
5.0074
7.6182
4.1171
7.7913
6.0718
3.5648
1.9645
1.0595
4.8726
2.8358
5.0935
6.08
1.8545
5.9117
4.3015
6.2996
2.1672
2.9911
4.5335
2.322
5.4487
6.6117
4.6766
2.8882
4.6565
3.5475
4.6195
4.5022
6.3492
5.1036
1.2919
2.6204
2.0559
4.4369
5.9165
3.4401
2.6678
3.6084
2.1323
2.4039
4.7086
7.7305
2.4076
5.3154
7.4348
5.9539
5.4156
4.4952
3.0769
3.5308
5.5928
5.215
7.0021
7.119
1.3056
2.624
1.4399
3.7155
1.3155
3.5297
3.4856
7.3948
3.083
6.8037
2.721
1.6824
2.5721
6.5668
1.5477
3.3584
2.641
5.7852
7.2838
7.0045
7.1444
2.6583
1.5557
2.3579
5.1305
2.8197
6.4705
5.3812
7.1634
6.0644
4.0808
4.7989
3.1784
5.7386
5.7314
5.7426
4.1994
3.6417
2.9582
3.8443
4.8135
7.0363
7.9785
4.8122
6.0113
7.9831
4.7495
2.0475
5.7224
5.9866
3.5403
4.8033
5.9537
7.9267
6.971
2.3415
2.6012
1.0663
5.3657
4.4836
6.1365
4.5744
6.2592
3.5497
3.2807
6.3448
2.3738
6.7579
6.2023
5.2807
7.3699
6.6684
6.1109
4.7299
1.5699
5.293
7.2139
7.2777
2.8283
1.7303
7.7483
7.0733
7.8442
3.1877
6.2944
3.6136
4.9081
3.7412
1.8317
3.9353
6.0664
1.0874
2.5626
5.0848
6.4957
6.6836
2.3022
6.315
1.7183
4.7833
4.2219
7.0828
2.4426
6.5618
7.2935
2.9123
3.3274
2.1352
7.7033
2.705
4.9474
7.7758
1.9218
6.9216
2.1147
2.8698
7.4332
2.2968
3.2106
5.4602
3.2363
2.6984
4.0975
6.9585
3.6397
4.9646
1.6958
7.2724
7.4585
7.6408
6.2961
4.9065
7.1186
4.9629
5.8519
7.809
7.5416
4.3352
3.1654
4.2828
2.611
3.1979
3.1508
1.3333
1.5536
4.089
3.5865
7.8183
5.0367
4.334
6.8519
5.377
4.8381
6.7371
1.2066
1.7047
2.9304
6.5889
4.1972
5.1867
5.4872
4.3524
2.3856
6.093
2.0417
7.0265
2.2558
4.4333
5.1913
1.2041
5.9292
1.9457
4.1417
6.7995
5.0146
3.774
5.5116
7.2823
3.2165
2.4465
6.5979
1.8906
5.1272
3.0896
5.9418
4.9076
2.0936
1.7341
5.5766
3.2748
3.5009
1.9571
3.5903
4.0818
2.7035
2.4298
5.022
7.6611
3.5855
7.902
3.577
3.6561
5.5871
1.5364
7.2704
3.3994
7.9434
1.7168
3.5161
1.5143
7.7717
4.4043
4.5006
6.7256
2.5881
2.5148
5.0479
5.5897
1.284
6.7768
1.0807
2.1073
1.869
4.9306
4.9412
2.1653
7.0887
1.6891
4.1907
2.019
7.0385
4.2162
2.4526
5.7319
7.7079
6.4727
3.1021
7.8268
7.399
3.0561
6.1149
5.3232
2.0785
4.659
4.7341
7.2915
5.7923
6.9441
1.7789
2.4542
7.8224
5.9684
2.4919
4.0948
4.7604
1.2285
3.7441
2.4813
1.3292
7.7846
5.5887
3.4841
6.8101
6.344
3.6645
4.8042
6.0907
6.3046
5.7417
5.3842
6.1921
3.9927
7.9547
7.7335
6.2843
7.0609
2.6228
1.258
4.0744
1.2301
6.8325
6.2584
2.4309
7.0179
1.6737
2.6161
3.6014
7.1819
3.2859
7.1416
3.2641
3.1873
2.4966
1.9913
6.5132
2.6071
1.8005
3.9959
1.1615
4.755
4.2225
7.8068
6.1738
5.4737
4.0742
5.9863
4.8301
3.4923
3.1563
6.3423
2.0271
2.5991
3.1069
1.8213
5.2776
2.0623
5.9275
6.6659
6.9719
7.8671
1.7419
6.3615
4.3256
6.2907
3.0589
4.6676
5.3856
6.5674
6.1637
5.848
1.9281
1.0596
2.3235
6.9673
7.9455
2.4641
5.1097
5.2474
6.407
5.3944
1.3602
1.3201
5.5391
3.4188
6.1704
1.9371
4.7197
6.4862
1.6502
5.0189
5.6681
1.9092
3.1698
6.5124
6.7018
4.9219
3.6575
5.9477
1.7401
4.9854
1.7656
7.7975
5.0967
7.996
4.571
1.3533
1.8584
1.7299
6.0027
5.0258
7.043
4.3005
6.694
4.6835
3.7079
4.3332
5.4352
1.6769
6.3985
1.0989
1.1701
4.393
4.1431
3.3199
2.4928
6.1731
4.6547
4.0
6.867
5.3967
2.399
5.8804
3.302
2.9944
3.3538
6.7091
7.5723
3.5741
3.4112
3.0802
2.215
2.6721
7.7858
3.5883
6.7268
6.1249
4.26
4.5836
3.1607
1.3374
2.5484
6.4023
4.214
6.7099
3.6917
2.3897
3.4049
4.2025
4.3604
4.8945
6.9969
7.5094
7.6916
1.4041
3.7428
5.9454
3.1467
5.4061
7.3923
5.9754
5.4068
6.9293
6.0199
4.3482
1.5883
6.1095
3.8712
2.838
4.9003
6.4685
7.6135
2.0869
3.4833
4.7343
2.1754
6.3906
3.4435
1.2077
1.8821
6.0812
4.7361
6.2405
2.0265
5.431
6.3173
5.8321
5.5015
7.2564
3.8849
7.8673
5.2514
5.6908
4.416
3.1714
4.7682
3.5997
3.1306
3.3822
4.1091
3.4629
2.969
3.8647
1.5849
7.4419
2.0328
2.3896
2.9963
4.9408
3.0527
4.0595
7.0457
2.298
3.4515
6.9578
3.6901
2.8981
3.6201
1.488
3.8163
3.9628
3.4604
3.5076
5.9229
5.2396
3.0078
2.2759
4.0904
5.963
3.8268
6.1091
4.2618
6.3946
6.5908
6.3052
2.8797
7.7682
7.2705
2.0101
4.6441
1.175
7.2638
3.344
7.2934
5.4992
3.6974
7.956
1.1308
4.9344
1.8795
2.8566
3.6269
1.9203
6.6404
7.8966
7.5764
1.0555
5.0362
4.0343
4.872
2.0357
6.0462
2.021
3.447
2.9202
1.6625
2.448
7.0368
5.5848
6.9562
5.417
5.0274
7.1936
4.5922
2.0137
5.4867
3.8574
6.3044
5.4554
4.0275
4.7395
7.8075
6.6418
7.762
1.2499
5.0675
2.3783
1.0585
4.1801
3.096
3.5142
6.774
2.4613
6.1297
2.971
1.264
1.8873
4.8023
3.4737
7.4556
5.3623
6.1142
2.5197
5.9146
6.9034
3.8995
4.4698
3.6092
4.3144
3.4822
3.3493
3.5022
3.7004
2.3229
3.4791
7.5682
7.2637
6.0619
4.0862
4.6119
3.5661
7.2767
2.1154
1.9724
1.8726
3.1738
1.2613
4.9941
6.3755
3.6673
3.0856
5.447
3.4854
5.7269
3.8244
3.1932
7.1852
4.5534
2.5019
1.2109
1.009
3.2883
6.2486
4.5051
1.163
6.7173
4.9481
3.2783
4.8856
7.1417
2.0015
4.142
4.6468
2.1275
7.7731
1.562
7.8259
3.7991
4.7941
5.8386
4.9284
7.1834
3.014
2.2375
2.0119
5.0274
5.7536
3.5383
7.6942
2.1664
6.4618
5.8993
5.2711
4.5565
4.1894
4.478
7.6405
3.6008
3.8881
5.566
7.3584
1.371
4.0185
6.8694
2.1674
3.5247
2.0981
6.4986
3.3069
4.5033
6.6874
7.04
2.354
1.0265
5.0732
2.6681
1.0317
7.7386
7.7617
4.8351
2.0709
6.5311
4.7679
6.7962
5.8582
4.3606
7.2
2.6104
5.7312
1.9507
7.7964
1.1785
3.4925
5.4993
1.7423
4.9583
1.5144
3.737
3.1916
7.9188
6.9392
7.6056
5.614
3.7009
4.6618
6.5282
2.0567
5.9227
5.8038
2.7277
4.2055
4.1367
4.2546
4.5503
4.3355
4.1374
3.0217
6.8549
1.7139
3.9008
7.8673
3.9761
3.9629
6.5791
1.1777
3.4659
3.6498
3.7961
6.7563
5.9601
5.4461
2.1975
5.2053
2.6142
7.643
1.024
2.235
5.3738
6.4502
6.7264
5.7221
1.7008
4.8786
3.6194
2.0008
1.9278
4.6283
1.7402
1.6032
1.7076
1.976
4.8192
3.1321
6.6016
5.0792
6.9006
2.9898
1.3894
5.2995
3.8074
1.4316
2.4692
6.8812
6.8169
7.6192
4.3726
5.9367
2.2804
7.3664
3.1249
5.835
7.9316
1.8299
1.924
2.1204
2.7946
7.0516
7.8348
1.6132
6.4934
5.8911
1.1247
6.9108
1.0967
7.4196
1.8224
6.6357
6.5277
4.4178
3.9385
4.42
1.8989
6.5072
7.6494
2.6792
6.7782
1.9448
2.7666
6.9057
4.8866
1.3605
2.7696
4.6874
1.457
7.621
5.3802
4.4014
5.3511
1.7044
3.7803
3.7723
5.6942
3.1408
4.9973
3.3743
2.129
1.4108
4.3616
4.8178
4.0278
4.7638
6.7172
4.7786
3.5786
1.4294
1.4267
2.0853
5.8729
7.6672
2.8465
5.3691
4.0801
6.4154
3.5666
6.2466
6.6772
4.3677
3.3978
6.4501
3.2314
7.977
7.0087
3.6277
6.7688
2.674
3.6149
5.7243
4.785
3.6021
6.0563
1.1305
5.2652
6.3724
4.2233
1.2473
2.6788
3.208
4.6217
1.4196
6.1982
6.2643
5.9209
5.3319
4.6484
4.1602
5.485
3.6233
4.1047
6.4868
7.6128
1.7465
2.2831
7.8395
3.3072
7.0533
5.084
5.8777
3.4956
7.1943
1.4874
5.7426
1.5883
3.7345
1.4593
1.8814
2.2967
7.4078
3.9975
5.1399
4.2012
5.1252
5.2258
2.6972
3.0499
6.9685
5.4011
4.5877
5.154
2.6972
7.3983
3.4123
4.7409
2.7423
3.3712
6.2155
4.2823
2.013
4.9011
4.4528
2.3907
4.4274
6.1027
7.1325
7.667
1.8873
7.7888
6.1612
1.6215
4.8197
4.9861
4.5138
4.2138
7.1808
5.3898
3.851
4.3722
1.0935
3.7719
4.9951
2.6686
3.6334
5.2631
5.5012
7.9074
3.9337
3.0368
3.0637
3.0841
6.6151
7.1755
7.8468
4.3176
7.5782
6.5559
3.4154
6.985
7.6764
5.0392
5.6065
2.7377
5.5537
5.6121
1.8614
2.9893
5.6346
1.6367
3.9236
2.1453
6.542
3.9751
1.9169
5.539
2.3726
3.742
4.2763
1.3426
1.9525
5.1467
7.9624
6.3726
3.3276
7.6885
1.2522
5.7302
4.6651
4.4918
5.2137
1.9866
5.4951
4.0285
4.7594
4.5185
7.2422
5.9684
7.9127
7.6581
3.6397
2.8686
2.3186
3.7953
7.5541
5.9298
2.0465
6.3219
7.8045
1.4644
2.7918
3.7354
4.0406
5.881
1.9952
5.38
2.9672
5.8083
3.5838
7.2225
6.7135
7.0092
6.4927
4.5105
5.1007
7.6574
4.934
2.3579
6.4768
5.7697
7.4947
2.3743
1.0768
7.3382
2.9955
7.8075
3.3167
7.3081
2.3715
4.6486
5.0624
5.5169
4.0252
2.7691
2.5541
1.6436
3.3502
6.4472
1.3405
1.2761
5.531
6.0055
6.2695
3.8872
5.9212
7.4124
1.198
5.4595
5.3035
6.6254
5.7999
3.8393
5.9561
3.1996
4.4358
7.7665
2.8717
6.3246
5.7554
4.4582
7.5158
4.3273
6.1305
2.6239
6.3302
3.8837
2.9404
1.1486
7.1972
2.3518
5.2682
2.2671
3.1004
3.8969
4.2303
4.5493
7.0231
2.3005
5.7231
7.9589
6.6683
5.2205
6.8368
2.4004
6.6325
5.5102
6.8244
5.3056
6.4909
6.5037
6.8262
4.7567
1.7215
2.1168
7.7385
2.2268
1.8102
5.6671
2.5049
2.9664
6.3225
7.6366
4.3947
6.0796
6.2189
7.9014
5.6755
1.2828
5.4155
3.2211
2.4419
6.2377
6.293
4.9011
1.2125
4.9808
3.6728
5.5827
5.6777
7.0742
2.1385
3.7404
6.0653
2.2815
6.5662
5.0157
4.8584
1.8579
1.3819
1.209
7.4273
7.4005
7.834
4.0594
7.9337
4.8626
1.7443
1.1324
1.1718
3.15
1.1327
1.7542
1.0356
1.9455
4.2615
7.2559
7.5024
5.9994
2.4871
7.9724
6.5275
6.9058
2.1737
5.435
6.0483
3.8959
1.0909
3.6778
6.9537
2.3339
6.7416
3.1201
6.1944
1.9316
7.2526
3.237
7.5764
2.6442
1.2337
1.5672
5.2841
5.7579
6.0039
4.1491
3.7878
6.3688
2.4549
3.5568
4.4055
2.2932
5.2321
5.6023
7.5274
3.8563
5.8026
6.2376
7.332
5.8029
1.6163
2.2964
3.5835
6.6283
1.3155
1.889
6.034
4.731
5.287
7.2304
2.7218
4.7785
2.7708
5.7423
1.5674
3.7239
3.3078
2.3844
2.7568
5.1997
6.5253
6.6477
5.713
5.5811
2.5905
1.9727
7.7738
4.471
1.6177
1.7027
2.5841
5.4304
4.9135
5.6924
4.3026
3.5617
2.5167
3.6341
3.268
1.3789
3.4823
2.1223
4.5471
3.6215
6.051
2.8861
4.9514
2.203
2.295
7.9022
7.1263
7.8477
4.8796
6.8763
6.409
2.9062
3.3967
3.0028
1.6048
6.101
4.5308
1.3429
4.3322
6.5021
5.4885
3.2483
6.0963
3.6172
7.9776
7.0769
4.8368
6.833
2.711
7.4821
6.9848
7.0966
2.1723
7.0553
3.7128
6.2478
2.3488
1.716
4.8294
5.0471
7.2157
3.4002
2.0318
5.3544
5.6154
6.7818
3.5866
2.091
7.1182
5.7977
4.902
3.359
7.0022
2.5478
6.1278
1.8938
3.8117
2.7223
4.7476
5.6657
2.9721
7.9338
5.5358
3.2149
2.7838
7.4252
3.2773
7.9696
2.4836
1.3917
7.0738
5.2091
6.6873
4.0689
5.6503
3.4265
2.7292
3.371
5.4364
1.4943
1.6503
1.7764
6.8202
5.8333
6.8904
2.8327
2.7398
2.56
5.9689
7.1855
3.4502
1.7282
5.4174
3.6605
6.9077
1.185
4.1394
4.669
3.559
1.0348
3.6933
2.489
4.0823
3.9243
7.1097
6.336
1.4823
6.75
5.7622
3.3035
4.1696
1.6284
3.0387
5.3578
2.6427
5.3054
2.2301
6.6057
4.4268
1.7069
1.6253
5.4466
2.1151
3.2877
6.9452
3.0952
4.7361
6.9658
7.0145
6.6612
7.9255
1.1052
4.0678
7.958
4.3745
5.5474
7.0244
7.3377
7.3521
1.0636
4.9402
1.3147
6.6676
3.5218
4.1323
4.8481
1.9454
5.7855
1.5594
1.0182
6.0805
5.2764
2.1407
6.7395
2.8353
1.3328
1.2691
5.664
2.0006
3.8855
2.6719
4.9081
6.1777
2.5015
6.905
6.2545
7.9791
7.8891
4.9702
5.644
5.9764
7.0601
2.0028
7.5815
5.148
5.3056
5.9595
3.3594
2.6971
7.1912
7.6272
7.619
7.041
3.4282
6.0257
2.5631
4.9981
3.245
1.6514
4.2992
5.8785
1.1881
7.2446
4.9131
7.9494
1.5757
3.4754
2.1945
3.6385
3.3067
2.9941
5.2236
3.4389
2.5782
1.0076
5.8869
7.108
7.8843
1.8584
6.5791
1.6635
2.9308
7.8874
3.8365
1.6079
2.0914
3.0365
3.2509
3.1538
4.0859
5.2422
2.8943
4.8899
5.8413
1.8883
4.3065
7.4366
1.1855
1.2303
2.7557
1.6397
2.5871
2.4408
2.6193
5.1135
2.046
4.5342
4.731
5.8625
2.0755
5.6646
1.9099
6.9132
4.4174
1.1994
7.7836
3.6673
2.4051
7.6832
7.4398
3.8616
6.6613
4.9583
3.9352
5.3753
5.2005
7.5766
3.9788
1.9994
2.0684
4.7577
4.5808
3.6766
1.9843
2.4811
3.8967
1.2118
6.5707
3.811
7.9979
3.0258
7.2043
7.6088
4.5983
1.6659
5.2407
4.912
4.8181
6.4981
6.7425
3.7094
1.1268
2.4828
4.378
1.0168
5.9935
3.3707
6.4834
3.6804
6.0748
4.5032
2.8833
4.5593
1.2175
1.7204
5.4683
7.3983
1.7307
5.1178
3.8715
6.4291
1.5456
3.246
6.3584
6.4785
1.7917
6.9975
1.0572
6.7973
7.4797
6.3071
4.8149
1.1685
4.4317
2.7565
4.691
3.6205
3.2615
1.8093
2.315
6.2864
5.5596
2.4038
7.1471
7.4026
6.4695
7.9919
2.613
5.792
2.9016
4.4077
6.0541
2.9289
5.0894
4.1747
6.8764
6.6075
5.0776
1.1704
4.598
2.5614
5.3517
5.5406
4.3815
4.8582
2.4168
5.0491
6.375
4.0018
4.393
5.9912
4.4927
7.6374
4.8399
4.0729
2.3419
7.2666
3.2082
4.1187
7.3078
4.9867
4.9339
5.7425
3.675
4.3215
3.442
4.4718
2.0046
5.5121
2.0952
5.8423
3.1878
4.1847
7.6618
6.706
5.9585
1.538
1.9781
6.8764
1.9011
5.0387
2.3949
4.8365
7.6874
4.4124
2.1024
4.989
1.5781
7.4265
4.7886
5.6949
6.8754
5.786
6.4266
4.6589
5.0449
5.0601
5.8694
6.0921
4.355
3.6002
2.917
6.0015
5.0735
6.0217
4.6313
6.8956
3.8368
4.478
7.7886
3.2402
6.0554
3.718
4.7337
6.8258
6.8205
4.4486
7.8486
4.6701
6.6312
6.3702
2.3732
7.0476
7.37
2.6008
7.7073
4.8731
1.9043
6.9389
3.379
4.3457
7.2845
6.0482
3.7952
1.4822
5.1821
7.6219
7.3434
2.5046
4.0191
1.0679
7.4733
3.2306
6.1723
2.9027
1.1543
6.7253
4.263
5.3641
5.6615
1.3193
5.7094
5.6687
6.0817
6.9788
1.6419
7.6277
1.6399
1.7086
5.6003
3.0819
2.7799
4.5506
5.4375
2.9173
6.7737
6.4264
4.9224
6.3892
3.0435
5.0319
4.8778
7.995
1.5982
6.4206
6.4184
5.5632
5.9354
6.5209
3.8417
2.1742
1.5959
4.3381
1.2719
1.6183
6.5246
2.8599
2.4583
6.1503
3.14
3.8446
2.092
4.8819
2.0635
6.4444
4.8876
1.7236
4.7607
5.438
6.3164
5.0456
7.2985
5.918
2.9985
4.2603
2.484
7.3739
2.8813
4.4119
4.4482
7.7294
1.0354
1.7235
7.2725
4.6541
4.1419
3.8377
7.1055
6.3344
6.9191
1.7563
3.9537
3.276
3.21
1.6247
6.5227
3.6217
7.4938
3.1271
4.0808
2.7874
3.1314
4.9933
3.8142
7.4496
7.2201
4.9502
1.0002
5.6924
3.5714
4.9165
2.6545
1.3874
3.4052
4.9624
7.1049
5.2204
7.1849
4.2179
5.7345
6.6344
1.5674
1.2045
6.9021
5.0323
5.1479
1.8131
5.0662
4.9905
1.2857
2.6287
3.4891
7.8819
5.7483
4.6333
7.9141
2.8797
5.2832
7.0887
7.6821
6.9435
6.9763
4.7218
7.1468
2.6332
5.1164
1.5189
3.2965
5.1083
1.1936
2.9956
5.5226
6.2125
6.1699
4.0925
7.0431
4.8416
5.6888
5.4767
2.4765
5.6728
5.8009
4.4026
3.8762
7.7453
6.4984
3.5599
4.6803
5.5153
4.7782
3.6505
3.8483
6.6795
5.1568
5.7554
3.8057
2.5717
1.322
6.7704
6.6694
3.7701
2.9793
6.8367
2.0003
7.2487
2.4699
6.8937
6.4925
1.2873
3.7191
2.0743
2.4347
5.5544
6.9838
4.743
1.9407
6.9132
5.8319
4.0241
2.8614
2.484
4.6931
1.955
6.0461
7.2737
3.8914
5.6389
5.2588
2.4671
5.8583
6.062
5.4007
5.622
4.2428
7.3267
6.0372
4.6544
1.0784
1.0639
5.3584
5.7015
7.6449
5.0729
3.1503
6.4772
2.825
7.3201
1.685
7.7647
6.8021
3.0177
7.4381
3.9858
2.3833
7.0374
5.5698
2.1022
6.5504
4.1595
7.2194
1.3887
6.5309
6.5992
3.596
2.958
7.4892
2.0949
1.0253
7.3259
4.9501
1.2151
3.3195
7.0869
4.8721
3.8149
3.8635
4.6405
2.4689
3.0574
4.6659
1.4851
6.9673
6.9534
1.4186
3.1015
5.3517
7.9774
4.5523
1.8895
2.8411
7.0871
6.6053
1.3471
3.1149
6.1819
2.3064
7.7827
3.0471
2.772
3.0919
1.5328
3.5287
1.3929
2.8494
4.1707
7.3719
4.9305
5.707
5.2094
5.3514
7.8354
1.0433
2.8247
7.6463
5.2242
5.1247
6.142
6.124
3.9739
7.1271
4.9527
6.1055
3.8635
3.5879
2.6711
2.5798
1.0787
7.3628
7.5911
6.4001
7.3469
6.8957
4.4553
2.3375
4.0336
6.1288
1.1985
7.5229
3.9747
4.0364
6.5314
2.0626
6.6531
7.246
5.0204
5.3934
1.2473
6.8734
4.4569
7.9474
6.311
6.423
5.378
3.8725
7.1675
2.4633
1.8144
5.6052
2.122
6.8082
7.4667
6.0548
6.049
7.568
2.2784
3.9639
1.8982
3.5296
6.9989
6.3375
2.5448
6.0015
4.1489
1.926
1.1151
4.3827
6.8993
1.6198
6.4368
3.6233
4.869
5.1441
3.3506
6.4122
3.3065
7.3668
3.2264
3.82
3.6323
1.2104
3.0598
3.0761
3.3744
5.1717
7.6356
1.3366
7.5828
6.0907
6.3037
3.4068
7.2598
1.0667
3.9691
7.5919
4.5593
7.1071
1.4005
5.1334
4.2873
4.8204
6.1685
2.5061
4.889
1.171
5.0805
1.4026
6.4225
2.6051
4.9486
7.9678
4.8412
5.4148
3.8723
3.6904
2.6992
3.6507
7.1784
2.0091
2.5683
1.6177
5.6487
5.8685
3.8052
6.2706
2.7253
3.7916
2.8496
2.2237
6.4219
5.6602
7.7838
2.3066
5.1436
5.5424
6.9358
3.3479
4.4677
7.9302
6.1237
4.9195
6.2379
2.8972
1.1528
3.2807
1.9876
2.0227
3.6752
2.6955
1.9552
1.3751
1.8195
4.708
3.2576
2.5625
6.6575
6.527
4.1037
3.678
2.1242
6.3946
3.2046
2.0083
4.6753
7.7031
5.1448
4.1027
2.313
2.1232
4.8901
4.0736
5.1421
3.2291
6.3364
3.4172
2.5943
5.1104
5.5937
7.7103
3.4077
2.1523
4.539
3.8045
3.0529
5.0615
2.5912
7.1839
3.2435
7.901
6.9643
1.0964
1.202
7.783
7.289
3.5903
6.2519
4.4686
4.6252
2.0183
7.6168
7.0818
5.6805
6.2926
6.1235
6.2033
4.0612
5.1369
6.2274
2.2158
6.9908
2.887
2.7548
4.0011
5.3302
5.5343
1.7846
5.5296
3.6285
5.0912
1.6154
7.4412
6.5868
4.6502
7.7403
3.5154
3.8878
6.6171
2.1302
3.8474
5.2253
2.7084
6.2279
6.7622
2.0481
7.7554
2.4529
1.9328
7.1373
7.9565
6.3126
1.995
2.6851
2.0805
3.368
6.4345
1.7752
5.9594
2.8664
3.2261
4.1692
5.0753
6.4185
3.9944
6.2343
6.359
1.048
3.297
1.0223
5.4893
3.5591
2.5737
1.245
2.8308
3.0825
5.7253
2.508
1.3075
5.3254
5.4435
1.5907
2.9053
4.765
4.2431
2.0068
6.9937
5.7384
4.9528
2.3027
6.963
6.2726
3.5102
1.4519
1.1973
1.2597
3.2729
4.6962
5.562
2.4701
4.2226
1.573
3.0232
6.0101
2.2403
7.2935
6.153
3.9587
4.5047
1.4694
4.1009
2.2808
6.6072
1.8851
3.0337
6.1688
7.7141
5.5301
6.5246
5.7612
3.1226
4.7077
5.2046
4.3336
6.9988
4.2447
2.2309
6.1254
5.6074
1.2441
3.9754
2.3293
6.9421
7.0805
7.2072
5.9813
2.3561
3.6931
6.6628
5.677
6.8183
3.2873
1.7574
6.328
4.5844
4.9339
1.2266
5.4838
4.1468
3.8442
3.0027
4.642
4.1076
7.7564
3.8911
7.0278
3.6894
7.8917
6.1027
6.866
5.4562
5.4719
3.5739
7.7219
7.9581
1.2553
1.0384
3.8527
6.3112
1.731
2.7115
1.7965
2.1397
3.6118
1.9164
6.0543
4.0515
3.1886
2.7473
4.7084
2.8723
7.2891
4.5906
6.1699
2.8866
4.8094
5.6146
6.6165
1.8349
2.7707
2.9854
7.1619
2.8596
4.7516
1.6567
3.1425
5.694
7.6951
3.5088
1.9822
1.1172
1.4225
6.6213
7.6744
6.5194
6.7968
1.2642
5.3987
6.7691
3.1972
7.23
3.06
1.7231
1.071
5.2128
3.6304
7.5528
5.6529
4.8513
1.1421
5.202
2.7214
6.8879
2.8632
4.6556
3.9683
1.8981
1.3353
5.5575
2.9029
6.2046
7.3026
3.5934
5.4268
1.0362
7.354
7.9352
4.7861
2.2588
3.0481
5.4392
4.496
6.852
1.7651
5.0758
5.5926
1.9827
4.8849
2.305
1.4644
7.7927
7.9657
6.5123
2.8926
2.0656
6.2087
3.3421
3.2222
5.9675
1.0422
1.1204
6.3953
5.4679
1.4015
4.0986
5.8054
2.0955
3.543
2.306
5.7813
6.1813
4.9113
2.3761
7.7968
2.6291
5.5629
6.3228
7.131
2.5867
1.5046
4.1771
6.0865
1.309
4.483
7.6699
5.4134
6.1531
4.458
1.8501
7.6429
6.1481
6.469
3.7104
3.8856
4.9335
6.6214
3.7094
4.7108
5.4057
3.2875
4.8391
2.38
1.6672
6.9536
3.6646
3.8094
3.1352
3.0686
4.2301
3.0111
1.0976
5.7482
6.3317
2.4201
3.6402
3.3113
6.9806
1.1392
1.1255
7.2299
2.7765
6.2041
5.9374
4.405
5.76
4.9978
5.8314
6.1382
7.6578
5.4945
1.3895
2.0759
2.198
6.9473
7.7378
5.7788
2.2038
2.6963
6.2059
6.2134
4.4015
2.6416
6.3206
1.2079
2.4756
4.0888
6.7741
3.7645
7.728
1.3916
1.7307
2.6767
6.3
7.5569
5.3074
3.1471
3.0538
5.307
6.2584
2.4158
6.565
7.5087
2.4782
3.5373
5.6048
6.0056
2.8699
4.9426
5.0992
6.2328
7.3576
2.5979
1.9626
7.302
6.4517
7.4122
7.033
6.9576
2.1133
2.0171
3.4099
7.4162
1.8479
7.8201
4.989
2.3768
6.4123
2.2443
6.7943
6.1612
6.4576
3.4208
2.3629
7.9343
2.9472
2.466
2.3989
6.1427
7.2947
2.6901
1.8566
1.8243
7.573
5.9271
5.1435
2.4183
3.4899
4.25
1.8291
6.9644
1.8433
2.2867
6.2636
5.2042
3.4288
7.5158
6.5665
6.8354
3.3676
1.8834
7.343
3.9757
7.7088
2.5667
5.4931
1.4116
7.8287
4.1488
2.5413
7.7447
6.8486
3.2988
5.1315
3.1726
7.458
4.7607
2.0083
5.877
7.1641
5.3983
5.1612
1.6259
6.0369
7.9541
6.4457
4.5956
4.0926
4.6581
6.5613
1.6848
2.9758
2.134
5.2761
3.0494
6.3433
4.3722
3.7257
6.8176
4.0346
6.8376
2.8343
7.6701
2.9529
7.7441
1.1564
5.3504
5.4796
2.8914
3.9554
5.6421
3.7927
6.1962
4.1272
5.8977
3.3339
5.9378
2.4351
5.8734
7.2508
2.1936
3.7968
3.5515
2.809
5.4595
2.4757
7.0076
3.0989
3.3397
3.7109
6.9748
1.4023
3.1313
3.5946
6.4879
5.6668
6.7005
3.5168
1.0203
1.4594
5.451
2.4372
3.2146
3.7985
3.3292
6.2064
1.1774
3.1127
7.7501
3.5205
5.7992
7.3952
1.5842
1.5537
7.7762
4.6299
3.8065
1.5871
3.5817
3.703
6.813
3.4771
5.8115
2.1009
5.6515
7.6465
6.1894
7.3093
5.4459
5.7255
6.3873
6.1802
7.7991
3.3238
3.0698
2.6637
1.0038
2.7609
1.3929
2.6866
7.8852
4.9994
7.4625
6.4011
4.4557
6.8264
3.2537
2.8791
4.1525
7.9941
2.8734
1.0625
4.0091
3.6497
1.9036
7.4625
2.7594
5.4437
5.9931
2.4467
7.7761
1.0852
4.6796
5.2452
3.2798
2.3629
1.2421
5.0964
3.1388
1.7623
7.652
1.0197
5.5985
5.961
7.3828
5.0004
3.6138
4.4703
6.2183
1.8194
7.8881
7.0351
6.4754
3.3115
5.8932
5.6952
2.4848
6.1089
6.9996
3.4883
7.3286
3.8017
5.7102
6.0325
5.4802
3.0914
5.3128
2.4777
7.5912
2.0561
4.9124
6.0453
7.4261
5.6748
5.1199
7.9878
2.1523
7.4569
5.7143
7.1338
2.5518
3.7183
3.9527
5.1965
6.9066
1.6881
6.8741
7.5678
7.577
1.7605
7.3924
2.6216
3.5906
3.4313
3.707
1.6471
4.2817
5.1181
2.8717
7.3502
6.5837
1.0363
2.5393
6.0104
1.8791
4.5768
1.5343
3.7566
1.134
5.4918
2.2574
6.3713
1.269
1.3141
2.4214
5.271
4.3816
5.9941
3.8564
5.8654
6.6395
3.0999
4.2647
7.011
2.7123
7.1869
1.0601
6.7048
4.9754
4.2685
3.1507
6.0725
6.4137
2.8542
4.1566
5.3218
2.2282
3.8642
7.312
6.4828
1.474
5.2981
1.2676
1.4858
5.1127
5.1474
4.9821
5.1758
3.9428
3.8707
6.4725
7.4665
2.1109
7.1237
4.8641
3.8451
3.9352
5.4048
1.4551
7.027
6.9946
7.7968
5.5444
6.3155
6.3765
6.9912
7.8877
3.5919
4.5787
4.2365
5.2621
4.3632
1.1738
1.9867
1.0619
1.4211
2.6315
4.9709
3.9307
7.2579
6.8974
6.3257
5.876
3.8823
3.4614
6.4551
6.6918
4.8595
2.2164
7.6347
2.5632
2.0802
7.486
4.2098
5.4244
3.0713
2.9753
3.1611
4.4843
3.0393
1.5234
6.8989
6.4411
7.6709
7.2895
2.8161
4.8215
3.939
5.0124
2.6061
3.5539
3.1391
3.6749
2.2112
5.1669
3.1967
5.5696
3.7358
2.9387
2.458
7.993
4.4011
2.385
1.4343
7.7781
7.2687
6.2493
6.2416
5.8758
1.5691
5.2441
3.9739
6.8073
2.359
6.0505
6.8324
2.6454
5.5179
3.7017
7.7238
7.0355
7.1459
6.1807
4.2897
3.0238
1.8499
3.4461
4.9742
3.2248
2.2073
4.3677
4.5811
4.4871
3.034
6.2525
2.3141
2.4051
1.9976
7.6651
1.0096
2.0214
1.1594
6.4411
4.4007
2.0484
2.4772
6.1942
2.5376
4.7616
5.6673
5.6182
2.9209
6.6683
1.0931
6.1183
6.093
7.4766
4.3423
6.4086
6.6354
4.2928
1.3468
5.8208
1.442
4.4786
4.8861
5.0624
5.0942
5.1411
3.8252
7.0599
4.8744
6.3948
3.2644
2.2645
2.7512
2.0794
7.1691
2.6955
3.9785
7.7168
1.2232
2.5999
4.3367
4.92
6.4204
1.3429
1.0434
2.2015
1.7356
1.8518
6.456
7.3855
5.3072
4.2671
7.7254
5.3874
1.8005
4.3442
5.4974
4.2001
7.7606
2.9938
3.825
3.2426
3.1839
4.1387
1.5559
6.8435
7.7205
4.4199
1.6592
4.9015
7.807
5.0937
1.8043
4.8246
7.5695
6.8121
1.9498
2.51
7.1125
1.6081
5.8662
3.998
4.9461
3.4834
6.716
7.4285
2.0454
7.8857
6.6393
1.6478
5.3528
5.5256
6.964
3.0217
3.0067
3.874
7.7315
3.782
4.8971
1.1582
7.1133
7.451
1.8245
4.1898
2.7719
1.5611
1.9685
4.6344
7.0924
4.5402
2.9455
2.0724
5.2393
1.7821
2.8326
1.5727
4.2043
5.2291
3.0037
2.5831
1.383
6.512
6.326
6.9035
2.1599
7.8039
1.3632
2.2966
5.6236
4.8327
2.0149
3.6055
2.6896
7.0171
1.0823
5.7935
2.5181
6.5482
3.8767
5.028
4.8153
5.5205
4.461
3.2546
5.7213
4.7298
1.4008
1.2403
3.3925
5.9046
6.9113
3.144
5.8873
2.7936
6.2259
1.973
1.4198
2.5297
2.3215
7.8898
5.6181
4.7808
3.5117
4.3645
3.1628
7.1397
1.1756
4.7482
1.7731
6.2724
1.8267
1.0233
4.4237
3.7868
4.6806
3.9773
6.6465
7.7157
5.4268
4.9649
5.46
2.6268
3.0207
3.941
3.3853
4.4423
3.9559
5.8655
6.0157
3.6672
5.4693
2.6635
4.9802
2.6894
7.0939
4.5114
2.9226
5.6124
7.1171
4.8002
3.7392
5.7436
3.6644
7.3387
3.8644
5.8014
7.7701
3.6021
1.1009
1.4282
1.295
5.7183
6.5935
4.2196
5.2608
5.9455
2.912
2.8578
3.3248
7.0931
4.0678
2.8419
7.7878
5.2372
5.6273
7.2816
7.0596
4.6537
5.4881
7.3116
6.1134
2.8537
4.4378
7.451
7.7375
3.6507
7.2416
7.9029
7.9484
2.1252
6.4818
1.3242
3.7616
1.1996
1.642
7.3231
4.2389
6.0819
4.3555
7.1043
7.879
2.6502
7.4865
5.5882
3.4723
3.7849
1.9825
5.8013
4.4288
4.6018
5.7329
2.0077
7.3024
2.0553
1.7377
4.471
3.5372
4.8104
4.419
5.4784
5.7364
4.8426
2.3138
5.8083
1.8153
4.4007
2.9374
5.8163
2.3029
1.0739
5.4194
4.0718
3.9698
2.8343
5.9369
1.5968
2.0598
6.3712
5.1257
4.7907
6.8758
2.7524
5.1788
3.1737
5.4386
1.7445
6.9957
6.9967
1.453
6.8632
7.0468
7.6475
1.1593
7.6724
3.7925
5.7579
2.2154
7.021
1.5097
7.7935
1.316
3.645
4.889
1.4277
2.0798
3.8052
3.7503
4.0363
7.4929
3.388
7.6714
2.2009
4.9936
1.7095
4.598
5.7678
2.1683
5.0895
7.4431
2.7475
3.5582
1.6312
3.945
4.7265
4.0869
5.234
6.1784
1.6937
1.6506
4.9702
6.6713
5.5102
5.1113
7.9241
3.1594
5.8317
3.9117
5.6829
6.0788
1.3692
1.3793
6.5519
2.3875
3.0674
6.5632
2.9239
5.6539
2.4366
1.3105
6.9459
7.0198
3.1199
7.9717
5.53
7.1373
3.2036
1.2383
7.9428
7.7927
5.5545
4.1322
4.0531
5.8121
5.7411
2.6064
7.4955
2.3177
3.5703
1.0009
3.3966
2.01
6.7813
7.1537
1.4648
7.3375
6.8627
7.0797
4.5421
7.6325
6.2229
2.3079
5.9703
1.568
5.052
2.0497
6.9675
5.7555
2.4909
3.5464
6.781
2.3554
5.0801
1.8027
7.5959
6.395
2.0301
6.9222
7.6082
7.3225
5.4462
5.3167
2.1725
7.6708
5.6204
4.1555
7.0274
2.7835
1.9243
3.1926
2.7911
7.3077
6.783
6.317
5.5438
5.1434
5.479
3.2971
7.3506
5.0194
4.7582
1.3537
5.954
7.3352
6.0884
5.9149
4.1151
6.2449
2.4429
5.2721
5.8098
6.4655
6.0561
1.2619
2.568
5.1705
3.078
1.0491
6.2388
4.5116
5.2787
7.3892
7.5263
3.7751
3.611
7.5242
3.9655
2.0906
3.2694
4.258
5.2464
1.2533
4.9155
6.7841
2.6889
1.3972
7.448
7.0991
2.3488
5.7164
7.8422
3.9944
5.9168
2.9473
1.6069
5.5688
6.254
4.0294
2.5173
6.9144
5.5619
6.8179
7.4617
1.1281
6.2292
2.3024
4.3905
6.7579
3.1728
1.532
7.2595
2.5771
1.6607
7.752
7.4396
1.5763
6.8857
5.4934
3.5948
7.8481
7.7348
4.5317
1.6032
5.1789
3.9465
2.9484
7.5229
3.117
7.4822
3.3053
7.1521
2.4932
2.8315
6.008
7.8257
5.5019
3.3298
5.4613
5.6873
1.7934
4.471
2.0408
3.2809
7.5985
6.0204
7.3091
2.5139
2.8247
1.7931
4.1751
4.3495
1.3792
3.2382
1.9365
1.5186
2.3847
1.1273
4.3735
1.5297
6.0649
5.4282
7.9503
5.8104
2.3335
4.5652
3.4249
5.4609
5.2158
2.9829
1.9029
3.6221
7.7809
5.0642
4.1343
2.8239
7.4911
7.9625
7.1783
1.6547
6.6945
5.374
6.8136
2.1474
7.7304
4.621
5.7287
7.205
4.1099
1.4261
3.9672
2.3775
1.4259
1.8856
6.0473
1.7666
4.1103
1.3822
3.1834
1.0196
5.5075
3.621
6.9557
5.4591
7.0872
6.9288
7.3746
7.026
5.0013
3.1078
7.6823
1.2315
1.1072
7.6628
1.9601
6.0312
5.3678
4.0078
5.5361
6.8199
7.0797
7.441
6.7616
5.0931
7.762
2.7751
4.8291
2.8224
5.1199
3.368
6.0143
6.2407
5.6778
1.1165
2.145
7.4769
2.3209
6.2448
7.4583
6.9891
1.7121
7.2668
7.3715
5.027
6.099
1.3379
1.457
7.7207
6.8675
5.4892
3.3239
2.6347
1.809
2.538
1.9512
7.4551
4.4561
1.6228
2.0331
6.458
6.4444
4.3784
1.7911
7.9812
3.2435
5.4052
6.6743
5.0746
2.3715
4.0239
2.5601
4.8
5.6639
6.2816
3.9759
5.4405
3.1691
2.5033
7.7079
3.953
1.8907
5.74
2.5385
2.376
7.1279
4.9909
3.9929
2.935
2.923
4.9756
1.7607
2.8266
7.1459
7.6615
3.5475
1.9963
1.6486
6.6569
6.5723
3.6312
1.6693
3.9153
2.954
7.1284
7.3471
5.5831
2.979
5.9942
3.1054
6.6851
6.67
6.2901
7.2017
3.5375
2.9211
7.0761
5.7997
6.1663
5.5065
1.4386
2.7623
2.5744
5.6546
2.0107
7.6042
6.1771
6.0823
4.3266
6.5832
2.3505
7.631
6.7922
6.1114
2.8657
1.0153
4.0726
4.0118
4.9248
6.9598
7.501
4.5789
7.8508
4.2412
1.2239
6.5378
1.3023
4.0693
2.406
1.7942
7.965
1.2059
3.7752
4.5057
6.9505
7.0919
2.7829
7.214
2.809
6.8264
7.3224
2.089
4.8836
2.2022
2.5108
5.6038
2.5076
4.3886
6.3241
4.0146
1.7873
6.0208
3.4997
4.7308
6.5781
1.8382
4.5662
4.0051
7.7618
6.5299
5.2542
2.3311
1.9687
5.4459
1.6988
7.7209
3.4098
1.493
4.8087
7.5261
1.8793
1.4875
3.9966
6.0256
5.6256
7.6572
1.6641
1.0257
1.4073
5.5244
3.9484
4.0652
6.9489
2.853
4.4654
6.7776
2.9714
3.4685
1.8439
6.0065
6.8237
2.8749
1.9653
7.6832
6.8579
5.0372
5.3818
2.6083
5.1371
6.8704
1.0139
7.0512
3.305
2.6192
2.9074
4.4198
2.3222
3.9839
3.0611
2.3227
3.9204
2.989
4.3872
1.3601
5.2956
6.4656
4.0877
7.0194
6.3949
5.5101
2.2473
3.0643
7.2884
7.6151
4.3457
4.5677
6.1967
4.5449
3.1205
3.3728
7.2622
2.3608
5.5553
2.6337
3.2176
3.2764
4.2586
5.9224
2.1821
3.0117
7.67
6.2666
1.4109
7.3005
4.8143
2.517
6.006
2.9873
3.5389
2.8092
2.0361
7.1485
1.8741
6.9009
1.6367
6.2704
7.0464
6.0582
6.1289
4.3764
4.4263
4.1035
5.1068
2.2249
7.4804
6.1078
3.3591
6.8539
3.199
1.8272
5.5823
7.4958
4.6933
5.4817
4.3561
4.0096
6.924
7.7055
3.1693
1.1559
5.9984
6.3919
7.0641
5.0769
4.8899
3.3747
1.0802
4.9906
2.7956
1.6575
6.2972
1.5514
6.3887
5.5213
1.8144
7.3358
2.9707
1.4657
2.7101
2.4383
1.1105
4.763
2.8275
7.7464
5.1592
1.9906
4.7454
5.7503
5.7956
5.9027
6.9084
3.5336
7.6125
7.8911
3.812
1.0486
2.2939
7.6907
5.1799
2.9837
2.5975
2.8615
6.6187
1.5163
5.8601
6.0149
1.5099
4.6435
5.2317
3.9987
5.4318
6.1984
7.2847
4.4302
2.8508
4.7522
3.8784
7.1407
7.0868
2.1904
5.6928
6.8728
4.2289
3.9459
3.7694
5.1645
2.1364
7.3943
2.2806
2.1901
1.7205
5.1291
1.272
2.6382
4.1536
1.2544
4.4634
2.203
3.1208
5.2876
3.3186
5.0918
2.4293
1.457
3.5862
2.354
3.845
7.8186
6.386
5.9402
2.6767
2.893
7.8091
7.5593
4.8949
1.7119
7.3777
7.1373
6.7596
7.5916
6.825
3.3419
7.9692
4.233
3.1671
7.2078
1.8434
4.4339
2.6624
5.4453
6.2745
1.7353
3.0873
2.7982
2.2082
4.6271
5.5801
2.1805
1.1812
7.7394
2.7027
4.0341
6.9944
5.897
3.9944
1.9293
4.9957
2.9488
4.8486
7.4101
2.3091
2.5149
5.6208
7.8835
5.1128
1.36
2.7918
2.7015
5.142
3.4601
4.9346
7.1781
5.6691
2.1029
3.3243
6.3289
4.9088
2.7946
2.0082
6.2628
7.7095
3.6231
6.4249
6.4774
6.6437
4.8339
4.8012
7.4564
1.4241
4.5786
2.1412
3.6808
5.9949
5.4121
1.6512
5.1435
7.0359
4.5357
5.944
7.8113
2.8052
3.0716
5.4227
3.3146
7.6251
2.1966
4.7971
7.1659
2.1669
7.5543
5.9691
6.072
2.3183
1.174
3.2234
7.3828
1.0803
4.0215
6.2932
1.6754
7.1608
4.2312
4.9033
6.3535
5.1849
7.259
1.9082
5.8386
2.6697
3.8779
7.9366
2.3419
7.6142
2.179
1.8309
4.3318
2.8219
3.0822
2.9975
1.2255
5.3374
4.4058
3.428
6.5003
1.6427
3.1206
3.1007
6.2714
1.0094
1.7636
4.4425
1.3684
3.0388
5.7916
2.0238
5.9375
4.543
1.7592
5.3383
5.3233
6.1119
4.7156
4.7015
1.4199
3.9068
6.4614
4.7455
1.1193
1.8278
4.2584
7.9625
4.0537
2.6773
1.3848
7.7803
3.5359
1.1663
6.2051
1.7407
1.0454
1.7938
3.1774
3.6609
3.6336
4.08
2.2643
1.787
1.0996
4.6538
3.9688
1.8862
1.7397
7.0376
5.952
5.4222
5.9422
1.487
1.5639
4.7923
6.1754
5.5246
7.0005
2.4708
6.588
7.9027
2.9567
3.8825
6.3387
6.6636
7.4237
7.1485
3.5152
2.73
2.2209
6.6862
5.602
7.1208
7.9186
5.8189
7.3959
6.2109
4.7306
2.4348
6.1857
1.5048
6.7878
4.7992
6.915
1.7089
6.8003
5.0744
3.1495
5.7294
4.85
6.7576
3.6987
1.6341
1.1122
4.5952
2.5414
6.8928
5.9924
3.7297
5.2041
3.7788
6.0087
7.5676
3.8261
6.2682
4.3058
7.7003
3.4426
2.98
1.6997
7.1333
6.6954
4.6774
6.196
5.1272
5.8239
3.9043
3.6308
5.1099
7.7173
6.724
1.1188
7.1383
7.2342
6.2575
2.4246
2.7393
7.4893
5.1814
1.6065
6.6855
7.4536
2.4146
5.1421
4.7944
7.2248
1.3193
2.9867
1.7045
2.2574
6.192
2.1969
1.9823
7.9727
5.2083
1.2142
7.6956
6.3175
6.8178
2.0429
6.1438
1.8995
6.045
5.7216
7.0907
6.2103
2.2026
1.95
5.5235
5.86
5.5745
4.8476
1.3796
5.401
2.3128
7.7327
4.9666
5.5795
7.375
6.7507
2.5219
7.2789
2.0097
7.5691
1.1644
6.6684
7.2128
2.5492
3.8746
1.0991
7.2992
5.8706
5.3724
1.7817
5.5532
1.82
2.1266
1.4669
6.3465
5.5183
6.4363
5.8585
4.8971
1.5583
6.8069
2.2453
1.406
5.5884
3.4244
1.5136
7.1519
1.2873
7.0925
4.5093
4.9519
4.0615
3.4571
6.5213
6.8768
7.3667
7.6271
6.3559
4.2648
2.8564
1.8466
7.4126
2.5338
6.177
2.4156
2.6531
4.0048
5.3733
6.121
1.6486
1.4641
1.2005
7.387
2.9759
4.963
1.4994
7.3132
4.9031
3.2027
7.6449
2.4749
4.7318
4.5975
5.8476
4.9745
1.7789
2.2575
3.1332
4.7196
4.1617
1.371
5.6514
5.3514
6.9686
5.1744
7.7829
1.0679
7.811
5.5041
6.4272
3.6315
2.053
1.5594
2.754
3.474
6.3164
2.9752
1.1385
1.186
7.5184
6.3275
3.4371
5.9508
1.093
5.4983
3.1293
5.979
7.8801
5.8806
2.0795
4.8068
1.2091
3.3553
1.0064
5.088
6.5575
3.5181
6.0645
6.4033
3.1331
3.8346
5.0814
4.554
4.5478
6.4222
7.9674
1.1589
1.1749
2.9923
2.9056
2.8348
5.3354
1.7008
2.8426
5.9972
7.3332
6.108
5.9775
7.0353
7.1283
3.6739
3.4017
2.2553
6.2409
6.0486
6.5862
4.8741
7.2709
6.1701
2.5194
1.2095
5.8547
1.5502
3.0876
4.738
2.8276
1.2914
2.564
4.0122
1.7612
3.7853
4.431
1.3199
4.7772
6.3049
3.3314
4.4598
3.2457
7.2015
6.7131
3.8715
1.9642
1.3701
7.1497
4.775
7.5975
6.3346
3.4541
5.7157
5.937
6.0458
2.693
5.7224
5.002
4.2864
3.2463
6.2586
1.8116
2.3641
2.7705
7.7063
4.9615
6.4181
3.2177
3.5652
4.7087
7.1768
1.189
1.818
5.2153
2.7874
4.5379
7.6096
3.497
5.4428
6.4805
2.9968
5.5986
3.966
2.3945
1.4513
1.4918
2.2339
7.4632
6.3699
7.0799
1.1684
3.1862
4.7707
3.5278
7.2743
3.955
4.6619
2.1529
7.0674
6.8625
5.2587
4.4444
5.4005
2.5791
1.2824
7.0465
7.026
2.4983
3.0429
7.092
1.0971
6.0536
2.5052
4.251
6.8525
1.1598
7.3731
4.0503
2.9533
7.955
4.2611
3.2712
1.3793
3.2362
5.8251
7.5576
1.2811
5.5495
5.9781
5.9373
4.2649
3.7295
7.2872
3.5764
6.1964
1.646
5.5255
7.8212
2.1963
3.7685
2.714
3.5109
6.108
5.2571
2.4805
4.0633
5.5387
3.1185
4.8104
3.5391
3.1878
5.1514
4.5718
3.3821
6.8595
4.8391
7.5996
1.4177
1.6953
4.2835
6.8098
4.4495
1.3869
7.2944
2.1126
4.4544
6.74
4.9163
7.572
1.6383
2.6684
5.0139
4.4763
3.6407
5.8166
6.7697
3.3158
4.5622
1.6092
3.2568
4.7426
6.8994
6.1656
5.2503
7.1027
5.8447
4.6722
5.7029
5.9176
1.9764
4.124
3.1295
3.6317
6.7152
2.1585
6.6685
4.2455
4.0002
2.611
1.4617
3.0821
2.2946
7.0191
6.9602
1.7383
2.1488
7.1692
6.6571
5.7072
1.572
5.5757
1.1639
3.892
2.5181
2.3419
5.6328
3.3265
5.5337
2.0
2.2042
7.0265
5.1987
2.1797
5.2571
4.1104
6.5158
4.7624
6.8916
3.3637
2.2971
1.767
7.1346
5.8294
5.4645
3.5222
1.3354
7.8904
1.6317
6.5414
2.49
2.3415
2.6091
5.269
2.3378
7.1504
6.9899
7.0102
2.8509
5.3538
5.0835
6.619
4.8741
2.2619
5.2876
7.3524
2.4846
4.8608
4.5952
4.949
6.9887
6.5074
6.0115
3.0441
3.7898
5.9142
7.1639
4.0669
7.9788
2.9945
6.1852
1.9925
1.4473
7.0892
6.4827
3.5566
6.9411
1.5256
1.0506
5.883
7.4569
6.762
5.0551
6.4949
1.6443
3.9063
2.6504
7.9203
1.2422
2.351
2.4735
1.9217
1.2952
1.1484
7.8476
6.4663
6.7865
2.2143
6.3456
1.5532
4.4787
4.304
3.0097
1.1007
1.1054
5.5697
5.959
3.4847
1.3013
5.765
3.7648
5.5435
3.511
6.4174
7.717
4.6112
6.2204
4.4595
2.1735
7.6708
1.0621
2.6485
5.4718
5.3445
3.9657
4.0874
2.8827
5.5056
2.3918
1.2924
3.7079
5.8664
6.5802
1.8413
1.7669
7.4318
7.621
2.1463
7.2658
5.9971
4.1029
5.6415
3.7242
2.2336
7.8718
1.1006
5.9636
2.5611
6.819
2.0428
1.8115
3.6291
7.613
7.2494
7.2756
7.9236
1.7001
7.8545
5.5195
2.3467
4.0455
5.1512
2.7677
7.4339
4.5167
2.1949
6.2641
6.5185
6.3043
6.3121
1.4441
7.293
6.0977
3.6117
3.4295
6.9545
7.6563
4.5659
2.8678
2.0151
6.4065
6.6671
4.124
5.9062
7.4036
6.2156
2.4689
6.095
1.7971
5.6511
4.5972
4.0747
4.7396
4.8105
2.6999
2.32
4.1484
1.0236
5.4427
2.2314
5.4656
4.6427
2.5316
3.4827
3.4655
4.6353
4.6889
6.5524
5.5035
7.6735
7.3203
6.1645
1.7205
4.5291
7.3807
1.3451
1.136
6.4689
2.0484
2.1391
5.8772
1.3277
3.2236
5.8386
1.632
5.2659
2.3897
7.2557
1.566
1.405
6.0727
3.3887
2.7675
5.5622
2.501
1.9827
5.9029
3.9574
1.5529
4.2268
3.9153
1.0591
6.4331
4.4908
4.4145
7.0037
4.1445
5.9874
4.422
4.5178
2.205
6.556
3.7898
4.3978
1.5314
6.7408
2.9349
5.8186
1.3764
7.0326
1.9722
4.4693
6.1163
3.7647
5.5705
7.7413
7.6489
6.4372
3.1253
6.2556
5.3789
7.1325
2.1996
5.9845
7.914
1.2481
5.5785
3.3006
1.1407
7.5565
3.3155
5.178
4.19
6.297
7.4025
2.2941
5.0596
3.1313
4.7545
6.6931
2.9189
1.8213
4.1929
1.3726
6.3039
2.9553
1.8819
1.8646
1.6105
2.3856
7.7443
3.6766
4.1365
3.5123
6.1912
7.0244
3.8604
4.1658
4.4263
3.7453
1.5056
4.1161
6.0679
4.8653
5.3583
1.1291
5.7673
3.2286
1.9846
2.3963
3.6959
5.4465
2.9246
6.2925
7.984
6.3943
7.8805
6.5224
4.0797
1.0197
6.1602
4.9033
3.8953
5.8036
1.5762
1.8044
4.0816
3.2341
3.087
6.4535
4.9343
6.6222
1.5156
1.4065
6.9195
7.6198
7.3036
7.1707
1.6345
2.0902
3.4596
5.541
3.9435
1.3548
3.902
4.9023
4.8145
5.6811
7.0025
2.7919
6.0543
2.9093
6.0719
5.3329
4.9698
3.6356
4.7019
1.4301
4.4868
6.7903
5.7231
4.2865
2.308
7.2084
7.2815
1.5782
2.5226
3.1955
7.6902
6.6491
1.2135
6.2079
1.3311
5.7389
3.8441
2.9106
3.3875
3.0138
5.9151
2.6924
6.2624
2.2305
6.6222
2.2358
1.5652
2.9673
2.3277
6.8939
6.6391
4.2288
4.4794
4.9694
3.8744
1.094
3.4726
1.4172
2.2595
3.6205
6.1456
7.8084
7.0693
4.7323
2.7673
4.0395
5.5061
3.2222
5.2473
4.4235
7.2797
2.1769
3.1259
6.9822
5.6378
1.9667
3.1512
2.2921
3.5378
1.3572
3.0955
3.8439
3.2924
7.9321
6.5094
1.3761
3.9528
6.6699
1.5099
7.3748
2.3523
3.4085
2.0054
6.9781
4.5812
7.7184
1.8722
3.0024
4.4106
3.2805
3.6848
4.1799
6.5148
7.2307
5.7142
5.7517
5.8541
5.6345
7.1007
3.4622
2.0735
3.4714
1.4713
2.4014
3.901
3.1656
7.8799
3.3672
4.6843
6.2842
7.6123
4.7691
6.907
7.9391
2.5405
4.6437
3.5658
1.074
6.6652
6.6775
2.817
7.7895
7.6726
5.4719
6.3337
7.6928
4.6981
5.1084
5.235
1.8888
3.2459
6.6016
4.9774
6.7663
3.9326
4.5625
1.3271
2.3118
3.0203
7.3502
5.3324
6.6188
5.0872
6.4421
6.2938
6.8444
4.0579
5.5253
4.7244
2.9927
1.6382
3.0799
6.3636
4.1084
7.6897
4.7907
3.1106
4.9749
2.3315
1.07
6.6496
2.3285
6.8649
4.084
7.5418
3.0471
7.1323
2.4255
4.86
5.3545
1.8701
1.9145
2.5062
1.7397
6.3737
1.3402
2.0635
6.9122
7.3115
6.6282
6.3237
3.3358
2.5278
4.0835
6.4964
2.7127
1.6107
7.1331
3.8589
4.8229
2.1371
4.1634
7.842
2.2531
1.5091
3.3054
3.3134
7.2477
1.9516
1.7651
5.2425
7.6333
7.324
5.1226
1.686
3.0025
6.6051
5.9063
2.7451
7.1986
5.687
5.0519
1.1731
6.4602
7.2711
1.4584
4.8823
1.7328
7.4104
5.7577
7.3717
1.0436
1.5015
5.8184
3.3595
1.209
2.0999
1.7849
7.5244
7.8879
7.952
4.9704
4.1902
3.9517
1.357
4.6651
4.0467
6.206
3.655
1.0635
1.3057
2.3312
1.1242
5.8799
2.6542
7.3698
3.9183
7.9794
6.44
4.0608
1.0899
1.6074
6.5112
2.0879
2.9328
3.2944
3.1246
1.8095
5.2128
3.0958
5.3968
6.0223
2.6317
5.1178
7.3945
6.2395
1.8857
6.8467
1.7795
6.5538
3.5349
3.8089
4.9141
5.5177
4.298
6.4616
5.6567
4.6363
3.4816
7.7496
5.3664
3.2798
4.971
2.6454
7.7985
4.7951
3.1958
1.375
6.4525
7.8895
4.9969
3.1249
4.8254
1.4011
5.6805
1.3445
7.2788
7.3837
6.6044
3.264
7.9734
7.7101
3.9457
2.9754
4.7936
5.4489
5.7703
6.8762
5.1654
7.0206
7.8451
2.7071
5.7963
5.3593
1.9102
2.1988
4.8031
4.9992
4.7608
7.2538
3.1762
7.7691
4.2891
4.6418
2.7113
3.7276
1.4948
2.5059
4.3399
6.2615
7.4232
5.541
5.5379
6.2268
1.4734
2.0394
1.6812
7.3327
5.2847
2.011
7.5925
3.1634
3.3791
7.462
4.3411
2.3707
2.2962
7.3017
1.6554
1.6535
2.9806
3.7158
7.5398
2.8318
1.2998
7.0044
1.6555
5.6537
6.3366
5.0852
3.1209
3.8494
1.5769
3.0122
6.6917
6.6796
3.805
2.334
3.7655
5.8417
3.2927
2.6677
3.7566
6.5571
1.2354
6.8985
5.6813
4.1538
6.282
1.8078
7.3977
1.7496
4.7657
5.1805
6.4817
3.6152
1.8919
6.476
4.6146
3.3387
6.107
7.3246
7.8916
4.7297
4.614
1.273
5.5331
5.6209
2.2032
7.4129
7.4121
2.6244
4.7745
3.7878
7.3963
5.0211
6.6099
6.0986
6.084
1.388
4.1427
4.6312
4.379
3.0488
1.8008
2.5329
5.8994
1.5286
2.5822
7.3958
4.0229
7.5725
4.1914
5.8409
5.5231
5.4697
6.5325
7.3782
4.5311
6.022
1.9861
1.083
6.5805
4.738
3.6331
4.8712
2.0299
1.3817
7.4962
5.2661
7.8002
2.4744
7.2724
3.6876
4.4235
2.8646
2.2779
1.3315
4.1346
5.5168
5.0817
1.2879
6.042
4.3179
4.9949
2.0259
2.067
2.6679
3.5604
4.11
2.2889
7.0823
4.8197
4.4583
4.5756
2.8843
3.7778
6.5975
3.7802
7.818
6.1659
5.8812
4.318
7.5539
1.9803
3.6067
6.5422
6.9568
2.3909
7.9178
3.2156
6.6497
1.9416
4.6805
6.3476
7.8161
3.8227
7.408
7.5929
4.0161
3.5637
4.5611
7.929
4.437
4.2816
3.9599
3.5081
1.5881
7.2829
4.8686
7.4086
7.6235
2.4117
1.8458
3.8941
2.8062
4.1271
3.7643
3.695
1.3961
5.328
2.7247
3.9928
6.4607
3.0431
6.8299
6.1942
7.7564
7.6465
5.6325
2.2351
6.4068
7.7297
3.6241
3.9834
4.2528
1.1392
4.1995
7.0741
3.6125
2.2342
7.8675
2.0456
2.9112
2.8234
1.5119
4.0806
7.9194
6.7705
3.5051
3.5232
7.1219
2.0302
7.5581
2.5262
6.2997
7.3051
7.1444
6.5252
7.649
2.4934
4.2109
5.988
2.8898
4.285
5.9863
5.9834
1.0317
2.9797
6.902
3.8899
4.0415
5.8854
7.9322
2.0538
2.3288
6.2549
4.2487
7.0282
2.8381
1.3095
6.9613
3.0147
6.6619
1.3686
2.2445
3.9229
4.1623
2.3738
3.1745
3.3057
1.1503
1.1998
7.3491
4.9468
1.1602
1.5223
7.6763
4.8515
7.4967
4.4132
5.6667
2.5609
2.2432
7.897
6.9027
2.9134
4.8957
5.7177
5.2567
1.0451
2.36
2.1185
1.303
5.0287
2.4503
4.5435
6.4178
6.1384
6.9776
3.5976
4.2124
4.6447
7.3433
4.5252
2.6525
6.9135
2.7776
2.1752
7.2047
5.1979
6.9388
2.0888
4.7585
7.1254
6.1194
4.9073
6.476
2.617
4.192
2.1854
2.4142
4.5
3.7665
1.7269
4.4818
5.4558
2.5739
2.1257
5.6975
6.7891
2.6361
7.9398
6.3694
2.72
4.0305
7.2222
1.884
7.4522
3.519
3.2497
1.6224
2.0493
2.3636
2.8636
2.9396
3.1643
2.4817
3.0145
5.0168
3.2606
7.1378
1.61
4.6989
3.6343
3.7472
5.328
3.5133
5.4448
3.5323
7.5639
2.5806
2.153
4.8667
2.8764
6.0578
1.8122
6.5086
6.6084
5.6716
5.0818
7.0295
5.6192
7.6056
2.4318
2.5417
3.1093
5.4957
3.021
3.3624
5.5354
4.7723
3.894
3.8829
7.2946
7.3938
6.0938
2.6318
7.8047
7.9387
7.5084
5.369
6.4683
4.9363
6.2226
3.1875
7.5204
2.7321
5.2181
4.0805
2.6147
4.8167
5.8004
7.1076
5.6355
6.8398
2.63
7.3739
6.2957
3.0573
2.969
7.0673
4.9296
7.0307
2.721
4.9664
5.6566
4.4195
2.4864
7.7998
7.1198
4.2904
6.0544
7.4115
3.9273
4.3826
3.2112
2.0336
7.7844
7.1102
3.0346
4.3995
6.182
3.8867
1.2356
3.0774
5.2614
6.8368
2.7158
2.8627
1.1956
2.5053
6.3842
2.7344
4.1379
7.4365
1.5087
3.0781
5.3103
4.5273
2.5319
5.3788
4.18
7.0046
3.7567
7.2453
5.3028
6.2727
7.827
1.9555
1.8047
7.7436
7.3725
3.2106
2.2619
7.3532
6.8104
6.3118
7.9814
7.7106
1.6546
1.9034
2.7094
1.9812
3.9681
2.042
2.702
7.7176
4.3481
1.5707
4.0373
4.0977
5.582
4.1041
3.1975
3.5845
2.0897
4.3035
1.3356
1.2891
7.3215
5.8723
1.5776
7.1439
3.8606
1.7473
4.19
3.648
7.4655
5.7323
3.1972
7.6525
7.6682
7.814
3.0818
1.4875
5.7277
2.3927
6.8134
5.9567
5.8518
6.5236
6.2899
4.0437
2.3666
2.8914
5.6943
7.755
2.9673
7.3992
4.9243
3.4731
7.9774
3.9665
3.4702
4.0884
5.4203
6.5586
5.1611
4.631
7.3575
3.8297
2.5586
7.0152
7.7027
2.7177
3.2132
3.1685
2.661
5.5913
1.3743
7.7128
3.0446
3.972
7.433
6.0336
5.5735
1.5709
7.0036
6.2657
2.0652
1.5156
3.4188
2.9828
4.0547
1.166
5.5702
7.6856
1.5804
4.8953
4.1724
4.9951
6.8131
5.4309
6.7147
7.6723
7.7529
5.3373
7.3565
5.5486
5.0081
4.2942
5.9576
5.9129
4.9388
6.6689
5.1405
7.7776
3.1386
6.921
6.2491
7.8739
7.3219
2.7404
7.648
2.2566
4.1955
7.3619
2.0074
5.1018
7.7594
6.9992
4.7701
7.6858
2.3482
5.8502
2.8444
2.325
1.0196
7.0636
2.5557
5.9013
2.6526
3.392
1.1545
2.342
7.7908
6.1803
5.1095
7.488
4.5213
1.6308
7.1838
1.1279
6.6314
5.188
1.3703
1.2197
3.1835
1.8154
7.4485
7.313
1.6023
3.348
7.1272
7.0009
7.1099
6.081
1.549
7.5996
4.3968
3.612
2.088
4.5588
7.0648
5.2946
7.2254
3.0594
1.9073
5.0823
6.1952
2.4378
6.2181
2.3197
7.3707
7.2864
1.1724
4.2424
4.5017
6.426
3.0012
4.2324
2.2175
4.9756
6.7801
6.6769
5.2422
6.6878
4.1741
4.7928
5.7718
4.3211
3.6212
4.8164
7.3635
2.0105
3.3539
4.6234
7.8722
1.1486
6.804
4.1838
4.0595
6.5002
5.6451
7.9193
6.5138
1.6562
4.4555
4.9921
4.3166
4.1664
4.4052
1.9881
5.1903
4.2946
1.4567
1.0023
2.0079
6.5466
5.0823
7.348
6.584
1.4095
5.7436
5.8201
5.6335
6.0327
2.1262
2.6778
4.8718
5.4047
4.9406
7.3119
5.6357
2.5299
2.3453
5.2402
1.2892
5.5636
5.4081
3.4805
6.2278
7.8461
4.9502
6.9062
1.6873
5.098
4.181
3.4522
1.8401
2.4578
1.6866
5.7693
7.8635
1.3657
1.0971
1.3836
5.4702
5.6204
1.3481
6.692
7.0379
5.581
1.3667
1.8735
6.5147
2.9211
5.8372
3.7464
1.8371
7.6541
7.3645
4.3831
4.7379
6.9507
2.6729
1.4203
6.9038
4.6996
1.8637
6.9721
6.4694
1.027
5.343
2.5015
3.2316
3.4833
1.9942
1.2702
6.4668
4.0195
3.2445
5.139
1.1625
5.7374
6.4653
4.0206
2.3648
7.5097
3.4107
4.9672
2.4308
4.6183
3.797
3.1969
7.1802
4.4942
7.8331
7.8851
7.6749
3.049
1.4381
6.6433
4.3374
7.4732
5.528
5.8322
6.9761
3.3605
1.7166
5.8577
3.4412
5.8557
1.5163
2.2891
4.35
2.6351
2.2619
2.5774
7.2229
1.6172
2.9871
3.9052
1.4883
7.1793
3.3659
2.7767
7.911
7.3857
7.5013
6.0417
1.3204
3.18
1.2161
1.6236
2.6049
4.345
5.8218
6.6888
1.4462
7.6022
1.1787
6.7755
4.5597
3.2502
7.3016
2.4319
3.9566
3.451
7.3107
6.3101
4.7725
1.0749
2.8263
4.5325
2.5872
4.6902
3.136
5.6446
1.7124
2.7486
3.9362
2.5852
4.3009
5.9241
3.813
6.1808
6.7708
6.1067
5.7235
6.4435
6.3746
1.0756
7.7383
1.8675
2.4186
3.3054
2.8589
7.026
7.6057
6.3694
6.0123
3.6015
7.3113
4.2196
3.8772
2.6145
6.8527
6.2002
3.7653
7.8831
6.4253
1.4805
4.5357
5.0484
6.4697
4.1428
6.9254
4.2125
5.9722
5.8856
2.8842
7.7285
3.184
6.938
5.722
4.9003
7.3894
2.5313
5.1146
1.6352
7.7607
1.1799
6.4596
5.1228
7.4055
4.1113
5.6196
5.2555
4.8034
3.2383
7.7909
1.7654
6.5495
6.8478
3.9141
1.8366
7.2449
5.7855
4.6305
2.5125
3.7721
4.4014
2.223
6.6884
2.5341
4.7594
6.6285
7.6722
4.7798
6.2768
4.8003
4.5351
4.254
7.8892
7.9914
2.3961
2.3343
1.0717
4.5052
5.1228
6.5323
3.4246
2.9245
4.0152
1.3133
4.838
1.9558
3.0461
3.3725
1.0924
6.7506
3.3492
3.115
4.6023
2.096
4.2143
6.8152
5.0249
6.9607
5.1326
6.7532
2.8874
7.0659
1.2524
2.4538
3.0304
3.1024
3.7237
6.0233
7.6424
1.9165
3.7647
5.9262
4.8876
1.3268
7.4826
7.3226
1.5464
2.6788
6.6726
4.277
6.1444
5.6842
6.587
4.6371
7.6269
7.9778
2.5072
2.0524
2.8104
5.1401
5.1332
5.6977
6.445
6.9515
2.3947
4.9022
2.604
7.4361
5.8356
4.6336
3.0556
3.3656
7.4435
5.0702
7.5704
5.1202
4.3498
5.8162
4.5182
5.4865
3.0791
2.4626
2.1339
5.6676
5.6681
4.8783
5.9583
7.4496
3.9015
5.6911
5.3029
2.9023
6.8845
4.1088
3.2851
1.4361
2.0398
2.3756
6.5156
1.7278
1.7545
2.1495
6.7882
4.8221
2.1448
7.6027
2.8595
5.0043
6.3956
5.3654
1.4482
2.1635
7.4216
4.1292
4.0632
7.3891
7.6269
6.5694
2.1357
5.1631
1.7784
2.1179
6.4085
6.9144
2.5647
5.0377
3.105
6.6914
6.5512
2.558
1.6912
7.1107
1.9337
6.9262
1.2994
1.0804
4.0004
6.2399
1.0819
4.3375
1.0102
1.0905
6.7161
4.8738
2.6459
6.1555
5.4902
4.9933
4.769
6.2976
7.5012
7.8067
5.3511
7.8094
5.2429
6.3193
1.616
3.3695
2.7768
3.1027
1.2868
7.7412
2.8917
3.5371
7.2658
7.6651
3.1589
3.7742
4.0344
4.2096
1.8337
4.3665
6.3377
4.3074
6.7752
1.5365
6.9618
5.7224
2.4103
4.031
6.0119
3.6824
7.5996
6.7672
1.5564
5.9121
6.1409
3.4663
7.0047
3.6149
4.5773
6.4155
4.8158
5.0132
3.9044
2.9167
1.4825
4.3899
5.5458
1.9246
6.4196
5.9512
2.9365
7.1807
7.8074
5.5048
7.806
1.1838
7.3912
5.7644
1.3152
3.6604
6.4289
6.7126
5.5305
1.4951
7.8838
2.0164
1.8201
3.3744
6.8188
7.2735
4.2435
7.0167
1.2094
5.0614
4.1429
3.8938
7.4316
5.662
3.6735
7.5151
6.1654
5.4219
6.8073
1.3877
2.9216
3.3925
2.5457
1.5655
4.3209
5.4699
6.5079
4.1845
7.2138
3.9682
3.4098
1.9681
1.7063
3.2282
5.3314
6.4324
4.9019
1.845
6.1353
1.5551
3.4816
7.823
1.147
7.37
6.3756
1.0637
2.2963
6.8112
3.6303
3.4542
2.81
5.7962
7.0582
6.6183
1.4857
4.4387
2.9312
1.8471
7.9292
4.7288
2.6825
2.1714
5.3885
2.4231
6.6823
5.567
5.425
1.2279
2.2985
2.67
7.796
6.965
2.5108
5.6268
2.0502
4.2936
7.8769
5.5158
5.3566
6.139
2.6464
5.9537
5.2142
3.5616
2.8435
5.3625
1.9969
6.423
2.6985
5.3482
2.9148
3.7076
5.7682
6.606
2.8057
6.6919
5.1417
7.3649
6.3494
1.9719
7.1925
6.0014
6.1858
4.2154
7.2322
2.281
5.5123
7.9419
4.7887
3.8735
2.687
6.023
3.8609
1.6117
3.7656
5.2409
6.756
6.146
7.8577
6.345
3.2402
3.039
4.6132
6.653
2.6402
6.8134
1.5858
3.4979
6.8213
6.8491
2.28
3.2215
2.1533
3.7662
7.0226
7.2669
1.5291
5.7061
3.0916
6.6167
1.5367
1.3354
3.6886
3.9867
1.4577
3.0791
2.8045
7.822
3.7452
4.5903
2.8627
7.22
2.0591
3.0642
1.8139
3.1477
4.0069
7.8546
4.9871
1.0682
3.6921
5.4627
6.8247
4.2083
7.6241
6.3597
5.608
7.458
1.8607
5.8683
6.23
4.9627
6.3419
1.5304
6.7312
6.8127
2.378
3.3251
7.3607
2.2311
4.401
7.5691
1.8914
5.954
6.4926
4.3826
6.7007
3.0777
3.8986
5.153
4.6565
3.9734
7.4498
7.8651
1.2374
6.905
7.2773
1.8756
1.3896
3.1791
7.7897
5.4184
7.1192
1.163
2.7423
2.0898
6.0355
3.1818
5.7418
7.389
6.9921
2.7599
5.8548
2.6464
3.9868
3.6809
6.1751
6.8318
4.7014
4.1962
7.9849
3.6918
1.766
3.7238
5.9371
2.8222
6.5942
7.4689
6.1337
4.8782
4.2203
7.5009
5.4819
6.3035
5.0463
1.8168
7.269
5.2287
6.7565
1.7558
4.2075
6.4669
1.7136
2.1865
7.3318
7.4603
4.4599
3.511
1.7287
5.2443
4.9583
6.3966
1.1642
3.2903
2.2957
7.529
1.4196
4.5462
6.2859
4.8211
5.4299
4.111
2.3874
1.6905
2.361
7.7149
7.2152
5.2366
3.0848
7.7565
5.7347
7.8082
1.7229
2.5723
6.0819
4.9197
7.6808
2.5249
7.2676
7.4765
5.0396
5.3562
4.3153
7.2364
5.0219
5.859
2.6809
3.6254
6.8178
7.6491
5.1827
5.0289
6.1544
5.5918
2.9725
7.6091
2.1987
2.3317
1.5902
5.862
4.3032
5.0082
2.8251
7.2926
2.3232
4.0998
6.4891
7.9337
5.134
7.28
1.6393
2.6038
2.2746
3.4544
3.9152
1.1925
6.0601
7.6348
2.5782
3.1272
1.4727
1.1107
7.1244
2.3927
3.2381
7.2682
5.8659
5.9095
4.925
7.7243
3.4424
7.4637
4.4111
2.8111
1.0132
2.2343
7.2598
7.1111
7.6872
7.9832
4.4953
4.3309
6.3672
3.4665
6.5236
7.1187
5.4469
5.2028
3.5033
5.1561
6.4832
5.9182
7.6229
3.3651
4.31
7.8955
2.1983
2.3428
6.8024
3.9203
5.0621
3.0299
7.0921
7.9588
2.3253
1.4505
7.7596
1.373
1.0272
5.8975
4.1236
6.6373
5.6674
1.8757
7.11
6.3393
1.2266
3.7001
3.0172
3.4347
2.556
1.4331
4.2235
5.8679
3.5708
2.5792
5.8174
5.1418
4.3608
1.8711
4.7796
6.5297
7.3724
2.9355
2.3899
6.1134
3.5981
7.38
1.859
7.6331
7.901
6.7077
4.0887
5.1703
3.6844
7.9475
4.3029
5.3117
6.597
2.8986
2.7562
1.2496
3.7471
2.6414
5.7462
2.0421
3.8876
4.8016
2.5378
3.8502
4.3864
4.5226
6.4626
6.6474
6.676
1.2286
4.4862
2.3189
4.8867
7.4059
4.5346
4.3023
6.2978
6.8857
1.4612
5.2053
5.6533
4.6776
4.2858
4.5796
1.8109
2.7108
7.0965
2.5751
3.1932
2.908
5.2805
2.4866
5.4139
5.0975
5.2733
5.8397
5.0249
2.6461
1.2882
2.9987
2.3868
6.11
3.172
6.5912
1.5697
1.1135
5.3013
1.3053
1.765
1.1445
3.1974
3.3008
7.4987
6.2646
7.857
5.7533
7.9836
7.4015
5.4835
5.0746
7.5037
6.5644
3.6123
7.0642
4.1694
7.0117
3.0514
6.3928
7.9792
5.3454
5.2766
1.7813
5.395
7.9724
5.7499
2.1426
7.4068
2.6041
5.7944
7.5216
3.7969
6.1754
6.6877
6.7212
3.1188
5.1066
1.3403
1.5856
1.3671
7.0773
3.3054
3.8578
7.7842
4.4248
3.6792
5.2789
5.9427
2.2262
4.1279
3.1179
7.2802
3.6635
1.8632
4.1869
7.361
5.1786
4.3114
5.7211
3.203
2.5372
5.1684
3.6956
6.7366
2.6372
6.6419
1.9253
6.5996
5.7152
3.0945
3.721
6.3388
3.3177
5.5041
2.5901
2.8824
7.1404
1.3683
1.8019
3.8388
3.1517
3.5896
3.0296
4.6101
1.5895
2.5108
4.9489
2.0468
4.7753
5.9916
2.7366
7.4754
2.9546
2.5413
3.3224
5.5055
1.1052
7.773
7.8837
3.977
3.3868
7.8607
7.0248
6.6205
2.2904
5.6953
1.653
3.1792
7.3166
7.5225
7.0353
5.7709
7.4479
7.4926
3.7138
2.8155
4.6801
6.1966
7.4045
7.015
3.9801
7.4313
7.3396
1.7697
6.0948
6.0123
1.208
4.5253
7.3907
6.6782
1.6481
6.3723
2.4033
5.3727
7.181
6.0053
1.1901
1.5163
1.3633
4.2073
3.212
1.7234
5.3592
2.2284
1.3062
1.3735
1.4833
4.9291
4.4526
3.9193
1.1031
4.6048
3.343
1.7156
6.399
2.6878
7.039
3.1507
2.071
2.2896
7.8543
7.4227
4.1678
1.113
5.8041
6.734
3.2631
6.8286
2.0189
5.4278
4.8797
4.1126
7.2835
3.7966
2.5148
2.7718
2.5814
4.11
3.7243
7.9094
2.0517
2.5991
2.3057
6.0774
2.2191
7.2253
2.6275
4.7395
6.6985
4.7129
7.8951
2.0216
6.6917
4.2925
4.5701
7.3997
1.8406
7.8136
7.9082
5.0572
4.9703
4.8671
7.0411
2.3961
7.3452
5.9328
5.9597
6.0223
3.0338
7.8788
7.6932
4.1544
2.6039
3.1657
3.1505
4.7255
6.6994
7.0224
2.8091
4.183
5.3431
2.293
6.9856
2.201
6.5845
5.6466
6.665
6.3406
7.5833
1.8135
7.4589
2.5731
3.2057
6.748
3.3938
4.4776
6.5718
2.9195
1.9364
7.8057
4.4699
4.5681
5.926
2.8491
5.007
3.1705
6.3004
3.2106
3.228
2.2244
7.7107
3.6108
3.3018
6.2032
7.7849
7.566
7.9166
4.2869
6.6742
3.1627
5.9552
5.7088
1.4878
4.2086
2.4622
6.8992
5.1714
2.0122
4.7954
3.9833
7.6923
1.5812
4.5798
2.9821
5.0063
5.5184
6.0705
6.2949
4.3767
4.1173
2.2083
1.0426
3.4198
7.0017
6.0412
1.8445
1.2144
4.4475
4.7302
1.553
5.7515
4.7763
6.4664
7.5811
6.8205
5.766
5.336
2.551
6.3381
6.0677
3.2298
2.1143
6.9551
1.7134
6.2755
2.1259
5.7744
3.9585
2.281
2.8239
3.0239
5.1594
1.2461
7.5976
1.326
5.1633
6.3877
4.8706
7.4684
6.0288
3.0913
3.5471
2.2931
3.1166
2.9384
7.3925
6.0789
1.407
3.8104
2.5287
5.9454
7.8049
3.119
6.2505
5.1666
5.0094
5.5266
4.0332
2.1869
5.1696
4.0026
6.8281
6.188
2.8529
3.8588
5.729
5.7079
1.4695
7.1423
4.9388
7.4073
2.3941
2.0475
7.8946
7.885
7.5125
4.2882
6.0895
2.2885
7.662
3.1035
2.8049
4.6976
1.7787
2.4376
6.2704
7.4916
