3.6924
0.3377
0.8488
1.426
2.2411
0.5988
3.7145
3.6942
0.667
1.7939
3.0154
2.1041
3.0127
3.5217
2.4849
3.0353
1.9256
0.1985
3.6602
0.9012
3.1996
1.5746
1.5499
2.5412
2.3927
2.1044
3.0656
2.7302
1.8302
0.0978
3.6107
0.2871
1.2695
3.4361
1.4457
3.5893
2.0959
1.8622
1.4472
3.1344
3.9085
3.9896
0.0214
1.0724
2.8315
0.6868
2.4117
3.3545
3.2707
2.3917
2.8105
3.7131
3.9644
0.2521
0.0403
3.6769
2.7148
0.8802
1.2616
1.6167
1.2596
1.8767
1.4726
2.5197
2.6091
0.4952
2.0346
0.9124
3.886
1.995
2.5907
2.8834
3.4274
2.1781
3.6775
2.4319
1.1096
2.9865
2.433
2.2568
2.8849
2.3569
2.5711
2.2743
0.8267
1.2371
1.7932
0.0548
2.3908
0.1405
0.4594
0.1862
0.3113
0.29
0.8949
1.7645
3.5577
0.1396
0.6903
3.029
0.1808
2.3833
2.3975
2.8012
0.9848
2.8459
2.6917
3.3335
1.1906
2.7455
0.3082
2.9906
1.3983
3.0894
3.2353
1.6463
1.9778
1.4833
3.8521
3.6719
1.0943
0.6574
3.9309
2.7129
2.9543
3.5153
1.225
3.6488
0.3234
1.3964
1.7704
1.7581
3.222
1.8936
1.8922
1.5496
3.6675
2.4396
3.8324
0.5322
3.766
1.9046
2.8682
1.9281
0.2885
1.0043
1.3901
2.106
0.0844
0.4865
1.0847
2.4395
0.4992
3.8456
1.8825
3.733
3.5156
3.4764
3.1277
1.6938
3.2127
1.6024
2.3654
0.511
0.1229
2.6705
3.3707
3.9003
3.9184
0.0355
1.2965
3.9717
3.3569
3.9325
3.8144
1.8517
0.2292
1.8812
1.8854
1.5531
1.672
0.7803
3.789
3.1849
1.8499
3.0311
3.4514
2.077
2.2559
3.9556
3.2657
3.9332
0.2619
0.1802
0.3206
3.3294
1.0388
2.792
2.6
3.3347
0.6076
1.7267
3.4789
2.0103
3.9436
0.9787
3.482
1.0275
0.943
2.5058
0.9641
3.2598
0.2911
1.2117
1.2765
3.0766
1.0278
1.5444
3.9864
1.1612
1.668
3.942
0.7464
3.8409
3.8635
0.4071
2.883
1.792
1.1651
3.7116
1.2684
2.3682
1.0862
3.7559
1.0677
3.386
2.7632
0.458
0.8188
2.7056
1.9067
1.0371
3.8611
2.5976
3.8314
0.8795
3.4184
2.0073
2.2744
3.4851
2.4846
2.8347
1.3712
2.457
1.0962
2.349
3.4204
2.5872
2.5391
1.1797
1.0957
0.4706
1.5079
3.1682
0.7507
2.0767
0.3297
0.194
1.7393
0.6854
3.0764
1.0268
2.8091
3.4234
0.9023
2.4189
1.5319
3.3451
1.3847
0.0509
3.7388
1.8641
0.3454
0.5904
0.4611
2.2215
2.4562
3.468
3.8365
2.565
0.9326
2.3269
0.309
2.507
0.981
1.9189
1.7632
1.8038
1.261
3.9554
3.4264
0.6761
1.3416
2.6628
1.1864
1.6468
0.0066
3.4513
1.9592
3.3697
2.1351
2.825
0.1894
2.6767
3.0008
0.3044
2.0071
2.5601
1.8912
1.8713
0.3944
2.6821
0.2282
3.8585
2.3391
3.6344
0.8914
0.9176
0.6648
3.5206
1.2341
3.5094
2.0438
1.7747
1.7465
3.7005
0.1722
0.4096
3.4098
0.2913
1.4522
1.0431
1.1143
0.1598
2.4958
1.5682
0.4446
3.7997
1.8014
0.1214
1.1636
2.4781
3.7733
3.1001
1.4598
3.1886
0.0588
2.7865
3.3916
0.4062
3.8309
3.8236
2.6844
3.2403
1.8319
1.2833
0.5158
1.1469
3.9188
3.6267
3.5796
1.7033
1.1289
2.5874
0.638
1.9164
1.1913
1.4407
0.6891
3.9471
0.1333
0.8263
0.9808
3.2019
0.2435
2.2439
2.6207
1.4073
3.9272
1.4986
3.6953
3.6343
0.6365
3.3941
2.2749
2.2161
3.0965
1.0047
3.961
1.232
3.7768
1.8807
2.3807
0.0405
0.8188
0.2349
0.3658
2.771
0.4592
3.9557
0.8017
0.1161
2.6025
1.2924
1.5848
3.6534
1.1763
3.4136
3.7635
1.1395
0.0865
2.6693
0.2359
3.3176
2.819
0.2411
3.6421
1.7131
3.518
0.3868
1.8397
2.2079
0.8352
0.7407
0.5957
2.4834
0.8925
0.8436
3.2832
2.3521
2.0541
0.3289
1.3881
2.3611
2.1497
0.3014
2.7185
3.957
1.1472
3.9676
1.1292
1.0697
1.7761
2.9126
1.77
1.1723
2.5596
1.7688
2.1695
1.2941
3.7297
1.4663
2.1313
2.3235
1.5749
1.9666
1.0913
1.63
1.7324
0.9325
0.749
0.6687
1.4858
0.0346
3.8751
0.3378
2.2651
2.4757
1.0375
2.4914
0.9756
1.1249
2.4754
0.7231
2.4814
0.3557
1.2628
3.141
2.2963
3.0671
0.7427
1.5809
3.503
2.4838
1.021
2.7378
1.1128
2.5357
3.2213
3.5453
2.8771
1.4993
2.4991
0.7334
3.6075
2.1854
2.9405
3.4848
0.335
1.5484
3.5557
3.1615
1.3564
3.7743
0.7375
0.6442
2.0807
1.7365
3.5585
3.0598
0.5363
0.7268
3.2419
3.761
1.3905
0.995
0.2927
2.4395
3.8123
3.0894
1.9395
2.1611
1.7127
2.2454
2.9478
3.2485
0.814
1.0694
1.6702
3.4021
3.8275
0.0856
1.797
3.6398
2.0345
0.5283
2.1375
1.2249
0.5797
2.6595
2.0907
0.9073
3.0316
2.6399
1.5426
1.4835
0.8497
0.6861
1.0694
2.4197
3.4255
1.8155
1.8933
3.0993
0.3828
2.5573
0.649
1.1605
0.2565
0.7554
1.9819
2.0868
2.9618
0.7564
1.5303
1.4734
2.8046
2.6197
2.7283
2.5733
2.9435
3.6464
0.5516
1.57
1.9544
2.1345
1.4138
2.9908
0.2059
0.9318
0.202
2.8659
3.5273
0.5785
3.8602
2.8223
0.3038
3.2676
0.6788
3.1612
1.3355
1.1788
1.5762
0.187
3.065
2.3131
3.405
1.19
3.3792
1.9548
0.0913
2.6497
3.1586
0.2907
3.8528
2.8817
1.539
3.8423
0.0551
1.7485
2.0859
3.3981
3.7536
2.8003
1.4545
3.955
2.9939
0.3417
1.2769
0.4009
2.1036
1.7617
3.6733
3.8731
0.9202
0.1201
3.6097
3.9837
2.4878
2.4551
3.7865
2.5291
1.5814
3.6356
2.9849
1.8013
0.2547
2.5999
3.6102
2.394
2.0007
0.6254
2.2074
0.9598
0.587
3.4661
0.4884
2.6706
1.7283
0.8136
0.4349
1.2782
1.9762
3.6666
0.3579
1.3113
3.5771
0.1265
1.033
3.77
2.1183
2.6197
0.1463
3.8496
0.149
3.5606
2.8984
3.9869
2.9933
2.4443
2.3463
1.2085
2.305
1.7053
0.5009
1.4172
3.4647
0.6396
2.164
0.2269
1.6001
2.942
2.7271
2.0261
1.5058
3.3362
3.5955
3.0164
3.5909
3.2939
1.9251
0.0718
0.7764
3.2546
3.1024
3.4961
0.4744
0.4404
3.101
0.9998
2.1934
0.0644
1.8963
3.1878
3.9418
1.7208
2.6301
1.1181
0.2901
1.8307
0.8171
0.8403
1.3443
2.6727
3.122
1.6552
3.448
0.2459
2.328
3.1331
0.1763
0.4466
1.725
0.4004
2.2559
1.8587
0.7309
3.0207
3.3755
3.4026
1.3133
3.9887
2.9501
1.5256
1.7025
0.9237
0.3761
1.1813
1.8652
1.4549
0.1161
3.9958
2.4285
2.1475
1.4328
3.9887
1.8561
3.6999
1.1279
3.2019
0.6925
1.9505
0.4004
3.8302
3.3477
3.7723
1.0077
1.965
1.2348
3.2503
0.2582
1.243
0.0567
0.2747
2.0402
3.2306
2.5679
0.1028
2.6901
3.93
1.2048
1.6052
0.1387
2.8943
3.1614
0.2575
3.903
2.2762
3.1789
1.0839
1.8599
2.5095
2.2257
3.2114
1.2795
1.9894
1.3861
0.5168
0.0095
1.7215
0.084
2.4317
1.8243
3.7841
0.3813
1.9785
1.7883
0.962
2.3053
3.3478
2.7608
0.0145
3.1026
2.0026
1.8543
2.4988
2.7135
1.9653
2.6239
2.838
1.5951
1.2694
0.11
2.4195
1.6983
1.2543
2.0963
1.2875
0.6917
1.6138
2.4835
1.2825
3.1104
1.5981
3.7732
2.7232
2.9467
1.0584
0.4294
0.623
3.4272
0.852
0.0778
0.1637
0.3018
2.375
1.5512
1.2974
1.9601
3.9895
2.5531
2.9718
0.0654
3.5866
1.8777
3.5619
2.2717
2.3918
3.6942
3.8988
2.5007
1.7522
1.9034
0.3163
1.8247
3.5659
0.2643
2.2779
0.7969
0.6504
0.2515
3.3752
1.5517
0.6833
2.3436
1.2697
3.3341
2.8225
2.6014
2.097
2.4098
2.7226
3.6912
0.1046
0.2999
0.0525
2.5559
3.8934
0.9685
3.9428
1.6551
0.8566
3.3393
3.8243
1.912
3.3401
1.6736
3.088
3.9269
3.5019
2.7331
0.0526
2.4081
1.1651
0.8544
0.2995
0.4311
1.3036
1.1988
3.4702
0.117
0.6189
0.8316
1.1799
2.7138
1.5809
3.8699
0.347
0.6944
0.8943
0.8973
0.9065
2.4247
0.8526
1.5527
3.7446
3.755
1.9314
1.8169
1.6649
1.5179
2.3082
2.6843
3.6075
2.2066
0.3275
3.0384
2.4241
0.5507
2.2243
1.1755
2.2501
1.8206
3.8653
2.7132
2.865
3.9161
1.9897
1.4655
0.3024
1.5509
1.7351
2.2125
2.0559
3.147
3.639
3.7838
0.9581
3.4143
1.6648
3.3957
3.5591
0.9827
2.8835
3.0968
0.3456
0.7552
2.6816
3.6039
3.1473
2.2093
2.2426
0.5141
1.0693
2.2666
2.1836
0.114
3.071
2.2085
1.901
1.2251
1.4444
0.7753
1.277
1.0222
2.3697
2.589
1.275
2.4001
2.2429
2.8445
1.5172
2.2092
1.7396
1.439
3.361
1.8473
0.5309
1.134
1.5469
2.8144
3.8557
1.5322
1.3066
1.652
2.1211
3.1148
2.8092
2.0214
1.84
2.6082
1.1093
0.7118
1.2148
0.3746
1.2886
0.0195
2.6142
1.6169
1.6308
2.0401
0.7055
0.1809
1.9616
1.8048
1.9597
1.6414
1.8697
1.1332
0.8655
0.9617
1.5603
3.228
1.8536
2.3938
2.1297
2.7958
1.049
1.2034
3.0287
0.3637
2.4596
0.389
1.69
1.9309
2.476
2.5197
3.6635
0.4012
2.8431
1.5069
1.5701
0.3956
0.6435
3.7416
2.976
0.5115
0.7391
2.7946
0.6574
1.6148
2.3064
0.5772
0.9646
3.911
1.3886
1.0679
0.7064
2.4562
1.5489
1.6035
3.8553
0.1597
2.0672
2.797
1.4383
2.4344
1.2462
2.2128
1.9229
0.0304
3.8218
0.9598
0.3631
2.2478
2.0114
1.0365
3.6144
3.7071
1.557
0.8956
2.8848
1.1753
3.6113
0.4161
1.2299
2.3753
2.9583
0.6309
0.5704
3.9508
3.1066
1.4471
2.1937
3.1577
1.5701
3.6972
3.2382
2.4683
2.6988
1.339
1.452
3.5953
0.9331
3.4719
1.4923
2.7261
3.5506
1.2776
3.847
2.7113
2.4346
0.8122
0.8591
1.0101
1.2523
2.6386
1.0493
3.7313
2.5851
2.4562
2.2813
1.0641
3.9927
1.2763
3.9076
0.495
0.2797
2.7872
3.67
1.1905
2.1386
0.1889
3.3607
2.1421
1.1813
3.0564
3.5247
1.2069
0.2734
1.3986
1.3678
2.8398
2.6342
1.2953
1.003
3.1747
3.4377
1.0485
1.2162
0.9662
2.6186
0.9989
3.2855
2.0363
0.2295
1.3946
2.9471
2.2191
0.9687
2.8309
0.8249
2.5978
1.8488
3.5616
0.5577
1.9504
0.5625
3.3872
2.3041
0.2723
2.3835
0.9675
0.4055
3.3552
3.0771
3.0499
0.6534
2.7406
3.9822
1.5401
2.1644
1.3918
3.6889
0.3385
2.1486
3.4645
2.4249
3.2728
3.5581
2.5604
0.8912
3.4173
3.9599
2.1466
0.8452
1.8501
1.435
1.0665
1.5831
1.5416
0.5606
2.2671
3.9755
1.3184
3.7869
0.5316
3.9674
2.0199
3.6628
1.5907
0.3534
2.1661
2.9577
2.4598
0.9246
2.1359
1.5971
2.7046
2.8328
2.9299
1.1305
3.688
2.3257
1.064
2.7307
0.4076
2.0211
3.4096
0.3152
1.4638
3.7367
1.142
2.9423
2.9428
2.7578
0.4278
1.8045
1.5417
1.9142
1.3888
2.1063
1.1368
3.7908
3.7863
1.0391
3.3395
1.1657
0.4186
3.2211
2.6446
0.9531
2.7444
3.1106
1.3297
1.7912
3.8877
0.7961
0.7561
2.1245
0.9195
1.1825
1.776
3.7378
0.1349
1.0089
2.0805
2.9449
1.651
2.3483
0.8695
1.5232
0.8395
3.4012
3.1644
2.9509
0.3755
1.2862
1.6546
3.7561
2.323
2.6766
2.4376
0.7693
3.7235
1.8578
1.4884
0.8276
0.1478
3.341
2.7676
2.1569
0.7216
2.4773
3.7367
1.4523
3.5425
3.5908
1.4852
3.7409
1.9447
2.6121
2.6086
2.0416
1.8289
0.205
2.0768
3.1664
0.215
2.674
0.7032
0.8015
1.3485
3.0746
1.0632
0.0079
2.2681
1.4016
0.1468
1.6807
0.0128
3.6307
0.6671
2.3009
2.1137
1.3814
1.0438
1.6809
0.7146
2.9216
0.838
2.1302
0.0047
0.2255
3.1063
1.844
3.7355
3.4886
0.2549
1.1529
0.7804
1.1057
0.7779
2.4234
1.4173
3.7563
2.2809
0.3897
2.9319
0.2508
2.7189
3.0023
2.4837
1.5287
3.6296
1.6899
0.164
0.8829
3.9774
3.6575
0.8994
2.1923
3.7715
3.7353
1.1043
3.4585
2.5088
0.0346
3.4807
1.1632
1.676
3.0302
2.8123
2.1714
2.4392
3.8101
0.535
3.5373
0.9954
1.8236
0.0171
1.4615
1.7237
0.8138
2.2955
2.4733
0.9685
1.0712
3.5434
1.7609
1.5052
1.2756
2.7277
3.8655
2.218
1.039
2.8578
0.0705
2.3142
2.9407
3.488
3.9306
2.6097
1.5557
2.9443
2.4512
3.4778
1.0831
2.0587
2.5705
1.4306
3.164
2.7679
0.5672
0.6543
1.6872
3.4193
0.832
1.677
1.1513
0.8223
2.4521
1.7366
0.1507
1.0392
1.1888
1.3181
2.6241
2.5569
2.9158
0.4704
3.0524
0.7564
2.9729
1.9012
0.964
3.5929
0.5351
2.773
3.4814
1.9262
1.4707
2.6596
1.5691
2.2192
3.3603
1.8495
1.6672
0.4794
0.2664
2.6994
3.8648
3.6285
2.1498
0.0354
0.5279
1.3766
3.9012
1.1396
1.8197
1.8294
3.9204
1.7831
1.2319
1.1832
2.472
2.3922
0.9467
0.9005
0.7862
3.8241
1.7282
3.3593
0.8285
2.5247
0.6692
3.2806
0.2617
3.0342
0.9004
1.3232
0.8765
3.987
3.2397
3.4806
1.9083
2.697
2.1578
3.4753
1.3925
2.6144
0.758
2.2364
2.4779
0.7773
1.212
0.7199
3.0903
2.9299
3.4542
2.7398
0.4544
2.2531
2.9062
2.0433
1.3743
2.7035
2.6841
3.1312
1.1358
1.601
2.9229
3.9926
2.0141
3.2925
2.5439
1.7232
1.8716
1.4908
1.2808
2.4772
0.6249
1.0868
0.9631
2.3548
1.041
3.1354
2.198
2.1825
3.1301
0.5161
1.4927
3.4793
2.7983
1.7416
0.8953
3.3716
3.1827
0.0329
1.6605
3.5583
2.2929
2.1901
3.1642
3.9273
3.7503
1.2157
3.339
3.9237
2.7639
3.1213
3.6922
2.1801
1.8289
1.6773
0.3042
1.993
3.07
1.2291
3.1415
3.8228
0.0239
0.0342
1.8742
3.7898
0.184
3.5813
2.6009
0.4989
1.473
2.9888
2.7718
1.92
2.8794
2.4006
1.464
0.9949
3.8295
2.3444
0.4638
0.571
2.2222
1.777
0.5783
3.0719
3.7324
0.2434
3.8605
2.0582
1.1199
2.2516
0.8496
3.6862
2.8928
3.2921
2.3879
0.9192
2.8395
1.7282
2.8544
1.0079
3.7356
2.7988
0.4667
0.9888
1.7278
3.6573
3.1295
0.5291
0.8855
0.0359
3.2441
1.6852
3.7217
2.7574
3.676
0.4416
3.3956
3.6303
2.5632
2.7371
0.6797
1.8903
0.4559
2.7257
0.2525
1.1697
3.3048
1.6349
1.5181
1.832
2.3048
0.2451
3.7839
0.7298
3.8478
0.2883
1.0165
2.0403
0.657
3.6627
2.2796
1.9462
3.2883
2.2065
2.3341
2.9547
0.2856
2.3935
2.3844
2.4422
0.4585
2.22
2.7941
2.9482
2.0884
3.0018
2.4381
1.0619
2.9539
2.0062
3.1549
0.0559
2.3128
2.3329
2.2889
0.7376
1.348
2.7792
1.2307
1.6243
3.7296
3.6146
0.5803
1.9196
1.0902
3.2589
1.4034
2.909
3.6101
0.1605
0.9313
0.2215
0.7117
3.5162
1.3491
2.8199
0.712
0.9378
1.3005
0.3126
0.8148
3.3194
2.1713
3.3896
0.3399
2.6245
1.3182
1.5083
0.8376
2.4422
2.272
0.2883
1.3029
0.4789
1.7597
2.0575
0.5664
1.9795
1.9084
0.6667
1.974
2.7757
1.1762
1.2722
3.4011
3.1752
1.5272
2.4474
0.8506
1.6659
1.7575
1.8042
3.5822
3.4469
3.323
3.7174
3.4998
3.6365
1.1103
1.9961
1.1631
0.3863
2.368
0.3415
1.4386
2.2675
0.8336
3.084
0.5964
2.4504
0.5751
2.1548
1.204
0.9958
1.4282
2.786
0.2984
1.2916
1.4465
2.1053
0.4175
1.2136
0.3515
1.4655
3.4043
2.2974
0.9329
3.8043
0.4924
1.376
1.6814
3.2764
3.1947
1.0608
3.5236
2.0274
2.519
3.1435
1.0774
0.7469
3.358
1.9217
3.2354
3.9255
0.2513
0.8289
2.282
2.0135
2.9496
1.3375
1.6402
2.667
0.1792
0.7128
2.8016
3.3902
1.4533
3.963
0.0869
2.2931
2.0352
1.8434
1.6473
3.6878
0.2781
2.241
1.0169
0.6738
0.052
0.9528
3.7164
1.9338
0.8675
2.1681
0.9119
0.2161
0.4659
2.0177
2.8708
0.6983
2.1387
2.8163
0.9732
1.5395
2.8965
2.8039
1.9186
3.9632
3.404
3.3532
0.7018
0.5911
3.0154
1.8712
2.3846
2.6372
1.4999
3.0463
2.1815
2.7333
2.2194
2.8508
2.3023
1.1722
2.4321
0.9953
2.7123
1.8222
1.5575
0.2719
3.782
0.1154
0.228
3.138
1.761
0.5801
0.6818
0.0563
2.5635
3.7052
1.9097
1.8403
1.5805
3.9281
1.4087
2.7092
3.8133
2.469
3.8503
0.5934
2.9326
1.5464
1.6884
2.3227
0.9931
1.6179
1.3838
1.744
0.3833
2.0209
0.5281
3.5235
0.0227
2.7266
1.0886
0.1826
0.9717
1.9146
0.873
2.6693
1.4919
0.8086
0.3545
1.6491
3.6772
0.1219
2.7544
2.5055
0.0307
2.1388
3.6349
2.873
1.1007
3.7253
1.1791
0.4204
2.1187
1.6412
2.5987
3.7027
3.4441
2.3949
2.6897
0.4245
1.8393
2.3179
2.6425
2.0991
2.0701
2.1733
3.557
0.4902
1.0378
3.4194
2.7704
0.0189
3.6777
1.9861
2.6929
3.9931
2.1294
0.8021
1.3482
2.162
1.2291
0.2099
2.8131
0.6001
2.9206
2.3944
0.9573
0.7376
1.5466
3.2698
3.423
1.9892
3.2692
1.6713
0.3782
2.6644
3.7451
0.48
1.4157
1.7067
1.1599
2.758
2.0647
3.2882
0.8004
3.7034
2.5891
3.2033
2.8092
3.7263
3.0007
3.1078
3.1781
2.7648
0.56
2.3655
1.9069
0.7796
1.9799
1.4067
3.6508
1.0609
1.2163
1.2295
1.7274
2.1312
0.0643
2.0544
3.2804
0.5466
0.059
2.6938
0.288
1.8683
2.847
0.5419
0.26
3.4549
2.6428
3.124
0.5725
2.0217
0.9079
1.4198
0.3108
2.8638
3.8231
1.0729
2.3652
0.3181
3.6598
3.9008
1.9004
2.377
1.4707
0.2212
1.5461
3.1554
2.4682
3.189
3.6637
2.8838
0.4384
0.0883
1.6822
0.084
3.4598
1.0638
2.0075
3.3314
3.6846
2.4333
2.6199
3.8594
3.3899
1.7985
2.2075
1.385
0.5479
1.3011
2.4712
1.8964
1.9516
0.3614
2.1686
1.5177
1.6086
1.1252
3.6814
2.5255
1.2515
2.6134
1.1111
0.722
2.3837
2.7008
2.5641
2.2907
0.5005
2.302
3.9327
1.4424
3.1273
1.806
2.5328
2.1931
0.8931
2.6091
0.7632
3.9294
2.3999
3.4534
1.5884
3.3229
1.2918
0.9328
1.063
2.0052
3.6352
1.6161
3.6101
0.2578
3.7006
0.8445
2.9344
0.1314
0.6482
2.7217
3.4535
2.1005
1.1713
3.9547
2.4479
0.0715
2.051
3.7346
0.8253
1.5085
0.2419
1.2137
3.1776
1.0243
0.0362
0.5174
2.0367
1.788
1.4871
2.7355
1.3632
2.7255
2.2719
0.3191
0.4002
2.942
1.4902
2.3396
0.489
3.8217
0.412
2.8781
3.6175
1.5229
1.7856
1.4142
3.3855
0.6581
1.0424
0.4703
1.6472
3.5058
1.5463
1.3487
2.0689
3.0642
2.8485
1.1127
0.2241
0.3731
1.2661
1.4279
3.6229
2.502
2.2297
3.6492
2.5332
1.175
3.289
1.3333
3.4844
3.1202
3.4405
2.1513
2.0517
1.0897
1.3466
3.5312
0.9589
2.6575
1.6895
1.2878
2.2876
2.8949
2.2188
2.6826
2.605
3.4229
0.1713
0.6278
2.3131
0.7505
3.9177
1.2756
3.619
2.9019
1.0591
1.8124
1.921
1.32
2.6425
1.5052
0.7374
2.1796
1.323
3.8889
1.4805
3.7813
2.151
2.7882
3.4781
2.5051
0.3946
0.6478
3.256
1.5033
1.4038
2.8013
3.7938
1.6113
3.2331
0.8508
3.7234
2.8245
2.7404
2.3747
2.7812
2.7194
1.9201
2.871
1.3311
2.8588
2.2955
2.8525
0.7634
2.4732
0.7739
1.2508
0.989
1.3478
2.931
0.964
3.5786
0.4941
3.2205
0.9104
0.082
0.5589
0.2279
1.3863
1.3095
1.8279
3.9728
0.4026
1.9745
0.4039
0.7215
1.8154
2.1868
2.45
3.9829
0.5452
2.9017
3.2098
1.7317
3.154
3.2038
2.4017
0.3156
1.1627
1.9446
0.2447
1.3135
1.0144
1.8358
3.6792
3.3648
2.4811
1.1985
0.7212
0.5018
1.8317
2.2168
0.7324
0.0672
1.5758
0.9345
3.7149
0.209
1.032
3.4989
0.9493
3.3938
3.939
1.9343
1.7226
0.8934
1.6775
1.986
0.1398
0.4246
3.8005
0.8551
0.6783
3.396
0.4968
3.5203
3.8784
1.6976
3.9718
0.7373
1.8432
0.2608
0.0274
3.1741
3.554
3.7772
1.0484
2.2221
1.7982
3.8668
3.833
3.0652
3.0398
3.8266
1.5785
3.0608
3.5701
1.2708
3.2543
1.8172
0.1289
1.5209
3.2723
3.3787
0.5457
3.6728
3.3272
0.8396
1.1914
3.5101
3.8485
1.7443
1.2649
1.086
2.3488
3.873
2.2589
1.6965
0.4549
2.5801
2.0922
1.5013
1.2041
2.8032
1.6544
0.2943
1.3333
0.0843
2.8451
2.2358
0.2793
3.1981
3.0685
0.2676
3.606
1.9262
1.1409
0.6607
2.3434
2.9099
0.9285
1.6268
2.0364
0.3735
2.1432
3.2957
2.0496
3.1273
3.2298
1.6908
3.3468
3.8656
1.7728
3.6372
2.9037
1.1315
0.2938
2.9622
2.6291
3.064
3.4138
3.1065
1.3538
2.9801
0.814
3.5304
3.5817
1.6738
3.9754
2.1609
1.0596
1.3955
1.8653
1.2723
3.0783
2.8376
0.1492
2.3717
1.5492
2.8669
2.5188
2.564
0.17
3.1851
3.78
0.4809
2.7979
2.1488
1.6282
0.5196
2.1262
0.9486
2.5711
2.371
1.9888
3.6586
3.4867
1.3474
1.9451
0.6959
2.5592
0.5392
2.0997
3.7072
3.0968
0.3846
0.6139
2.6318
1.5634
0.6638
1.087
3.807
0.7129
3.6257
3.434
2.3675
3.2965
2.2774
2.3312
1.772
1.9297
2.3054
3.4366
3.8076
3.8411
0.3394
1.6007
2.3111
0.0552
2.3043
1.724
3.5223
2.0097
1.3543
3.6868
3.2278
3.4682
1.3844
3.5852
0.4365
3.5047
0.7735
1.0323
2.9181
0.4748
0.9593
2.4892
3.9252
2.7939
0.0973
0.533
1.94
3.558
1.7532
1.1556
1.4431
1.391
0.2397
1.628
2.0764
0.9287
1.9072
2.6224
3.7816
0.7345
1.8341
1.0135
1.2659
3.0925
1.0704
2.5378
0.6555
3.6687
1.4322
1.2194
2.006
3.6807
2.5681
3.6325
3.6431
2.3589
2.0433
2.3867
2.8518
3.3954
1.9592
1.6173
2.0838
0.1743
3.9225
3.4333
3.1602
1.2815
0.3978
1.6471
2.3585
1.5952
2.7678
2.4833
1.4397
2.7267
2.0371
2.9346
1.7903
1.5092
2.8524
0.9787
2.2084
1.3597
1.668
2.0656
0.0608
3.7404
1.6199
0.7941
2.0208
2.8711
0.3629
1.6419
0.2938
1.1845
0.4753
1.8148
1.1866
2.186
2.5847
1.4706
3.2754
1.8362
0.9827
2.586
2.8599
1.0399
3.7178
3.4997
1.576
0.2295
2.3958
0.6031
3.2714
0.1355
2.6934
2.3239
3.5877
1.7234
0.3903
1.8038
3.4188
3.3885
0.8012
1.3861
0.4466
0.4964
0.5795
3.5299
3.4573
3.0011
3.4514
2.2459
3.8385
2.3385
3.8947
0.7179
0.1166
2.4423
3.5183
1.8557
0.7503
1.4917
2.7663
2.426
1.483
3.3262
3.7013
3.0284
1.5466
0.9132
1.859
1.7056
1.8766
3.4895
1.9348
3.4197
0.395
2.8805
2.7849
2.4789
2.678
1.338
0.0531
1.8135
1.5317
3.8903
3.6223
1.5861
2.4227
0.5856
1.3372
1.2146
3.9801
0.0374
0.2524
1.0527
0.1082
1.716
2.6452
2.5918
1.3563
3.9062
2.2432
1.8382
3.2296
2.4777
3.7324
1.1635
2.3091
2.9014
2.1101
0.6542
2.7766
3.4802
3.2098
0.9166
3.2386
0.4366
0.8453
0.0003
0.9097
3.6734
3.6811
1.1991
2.0267
0.1117
0.6535
1.6632
2.0837
2.9406
0.3276
3.6876
0.2377
0.0523
3.564
0.1777
1.5596
0.934
3.1582
1.3233
2.4233
3.6983
2.901
0.7587
0.3414
1.5591
2.8928
1.1656
1.6645
2.4117
0.5842
1.7641
2.9646
0.3969
0.5239
1.0869
3.4416
1.1213
0.073
3.2383
1.7904
0.664
1.5026
0.3614
1.2555
2.5788
1.0563
3.4591
3.6934
0.003
1.7357
0.0664
2.1163
2.7599
1.6048
0.8711
0.4276
1.6599
0.5959
0.5389
1.3145
0.8877
1.0868
3.5902
1.4341
1.625
3.7501
0.885
3.0673
2.2469
1.7828
2.3253
0.4004
1.4639
2.3322
1.8981
3.3171
0.733
0.4378
2.4183
1.0644
3.5708
1.7384
1.7314
1.5355
2.0214
1.3223
2.9319
1.1243
0.1922
1.6209
3.7946
1.2111
3.6503
1.3768
1.7113
3.0276
1.0959
3.9266
0.2554
2.7899
2.1774
1.0418
2.7
2.7009
1.3036
0.5159
1.8934
2.833
2.4172
1.4501
0.1498
1.5254
3.6262
0.2428
0.8713
2.6168
3.622
3.7125
2.6103
0.5304
1.3086
2.301
0.3306
3.3949
2.1501
2.6543
0.0207
2.3137
3.5761
3.6026
1.5773
2.4644
0.9209
3.0435
2.6131
3.0564
0.2918
2.6841
1.0831
1.042
2.4477
0.7438
0.199
2.3541
2.5736
3.5271
0.0677
2.1446
0.8341
1.5547
0.1451
1.9278
2.593
0.1665
1.1369
1.6439
3.8269
0.8636
1.149
0.9943
1.3199
1.9381
0.3185
2.4224
0.0931
0.2387
0.1487
0.3323
2.1362
3.834
1.3567
3.456
2.68
0.5321
0.501
1.1941
1.0948
0.6464
3.8827
2.9966
1.3368
0.3059
0.4331
0.2883
3.4559
0.0902
0.3921
0.0112
1.1088
2.2909
2.6014
0.2001
2.1671
1.93
2.3545
0.41
0.944
0.903
2.17
3.2281
1.8797
3.9063
1.1532
0.9666
1.0203
3.608
2.7234
1.2543
2.1365
0.8874
0.5009
0.8742
1.4534
2.7316
1.071
0.7084
0.9592
3.6731
3.2357
0.045
3.6833
0.7797
2.4496
3.7284
2.5771
2.6901
0.7889
3.8421
0.8437
3.1263
2.3418
2.5376
2.4445
3.394
3.2504
2.9276
0.4443
3.9318
0.5935
1.9452
0.9853
0.8302
0.8795
0.1122
3.5883
2.2601
2.258
3.8817
2.2038
2.2927
1.9698
3.0796
0.1705
2.6574
2.8793
3.8001
1.8576
3.9107
1.0487
1.1158
0.9461
1.8184
3.6055
1.1927
3.1174
3.13
3.6425
2.3848
0.9118
2.0746
3.5652
0.1666
0.864
3.0235
1.8307
1.5998
0.9623
2.1906
0.4205
3.523
1.1043
3.1511
0.0352
1.119
0.0778
2.8127
1.3719
0.054
1.6189
0.1663
1.3626
0.4386
0.4219
3.9847
0.0387
1.7694
2.0491
2.672
0.6903
0.3587
1.4441
2.8979
3.332
2.5311
3.4938
3.8115
1.6735
0.9996
0.3472
1.5407
2.7871
0.2016
0.8467
3.5929
3.714
0.3795
2.5003
2.8039
0.9568
0.5225
2.46
2.7844
2.7416
2.8777
1.147
0.1823
1.6945
2.4349
2.9174
2.4178
0.3474
2.8784
0.6257
2.9652
2.4366
2.6572
3.2627
2.949
2.2541
3.4624
1.0933
2.8559
1.9903
1.236
1.2228
0.6658
2.21
2.1724
0.6865
1.9634
0.4655
3.5355
3.2308
2.9724
2.093
0.5057
2.7597
0.8024
1.2288
1.6288
2.6566
0.7398
2.679
2.9629
1.1743
2.259
3.4967
0.2754
2.6659
0.3404
3.8669
0.2986
1.3612
0.7434
3.8151
2.9005
1.3126
3.5952
3.7784
2.8942
1.1801
1.99
0.2374
0.6533
2.7015
1.3317
2.453
0.6363
3.0463
2.3274
3.6194
0.6745
0.9421
3.1831
0.4773
1.3117
3.5072
1.1387
2.542
3.1803
2.5629
0.2586
2.0982
1.9795
1.9947
1.1735
0.7161
1.8416
0.2382
1.7024
0.9342
3.6978
2.5977
3.3265
3.4269
2.5688
3.6254
2.0324
1.4351
3.8437
1.6977
3.6987
2.8633
0.0662
3.1623
1.7992
2.2172
0.9499
0.4321
2.0653
0.8207
0.4022
2.1154
2.2896
3.5496
1.6943
1.5727
3.2837
3.0098
0.6468
1.0244
0.3223
0.0286
2.6135
3.742
2.8605
0.0014
0.3237
3.0792
0.7409
2.8617
3.5122
3.3836
0.7855
2.1237
3.2816
0.9852
0.0848
1.5156
2.5798
0.7807
1.9371
0.11
2.804
3.3452
3.904
3.4497
2.4799
1.5177
2.5663
3.1929
0.725
2.8375
3.8609
3.4934
0.8946
2.428
1.1215
2.3501
3.5659
0.4948
0.5587
1.0752
3.4936
0.628
0.3317
0.1989
2.7729
1.2959
3.9401
0.2009
3.4453
0.67
2.7361
3.5894
0.1781
2.2108
2.859
2.6989
3.2772
2.1028
3.9691
1.0666
1.0627
0.1719
3.119
3.4477
3.9925
0.656
2.7038
0.5446
1.8919
2.6081
0.2946
2.818
0.0094
0.3221
2.5687
1.9218
3.366
0.528
1.2512
2.1919
0.6923
1.0067
1.0665
2.7991
0.5719
3.6354
2.8751
0.8692
3.6384
3.6772
3.8648
1.2225
0.7863
0.8925
0.456
1.8762
0.1261
1.7907
3.4363
2.6091
1.5358
0.0062
1.6477
0.9264
3.1304
0.4275
2.3313
1.7848
3.5174
0.4517
3.5294
2.5989
0.6161
2.4829
1.3564
0.9799
0.243
3.6986
0.9829
1.1039
2.7417
0.1376
2.2374
2.7974
2.4575
2.3066
0.8398
2.3889
1.4216
1.2594
2.6876
2.8497
0.2307
2.3956
3.1843
0.3863
1.3557
2.1856
3.9696
3.8963
2.5049
2.938
1.3712
0.0597
1.116
1.1318
2.6467
1.0854
3.4585
1.8791
3.4557
3.7577
2.6809
3.7801
1.6388
0.0071
3.3287
3.7555
2.3062
2.0539
2.5227
3.57
3.0515
2.2239
2.5311
2.3872
0.7932
2.5773
2.9586
2.3469
3.3709
1.9342
0.5562
3.3046
3.9164
1.4241
3.2706
1.8869
1.7593
2.4914
3.7852
2.0549
0.9524
0.385
1.7955
1.9912
2.3531
0.7336
1.1575
3.1888
2.3488
2.3471
0.0802
3.0812
0.7612
1.0296
3.3683
1.1116
2.6238
1.372
3.342
3.1084
3.0193
3.1623
3.4488
1.4067
2.5078
3.4373
0.967
3.9063
2.1886
0.9408
2.6395
2.0331
3.6096
2.5947
1.8348
3.4449
3.3302
0.8783
2.7828
1.8589
1.1156
2.2864
3.2344
3.7773
0.6701
2.5583
3.2936
0.8443
0.349
2.4164
2.5979
1.9487
1.2016
0.6572
1.5884
3.2111
1.2905
1.4315
1.258
2.7005
0.3499
1.7129
1.5059
0.3018
0.3752
2.8774
1.5753
3.6995
0.0166
0.2676
2.6969
0.7511
0.5096
1.3333
1.3545
0.8235
0.6177
0.1728
2.0005
0.3947
3.3059
1.8981
3.2037
1.7008
2.1159
3.8981
2.4138
2.23
1.0854
1.6504
1.031
1.812
0.0916
0.2687
3.1591
1.1629
1.1131
2.1598
3.1846
0.5329
3.747
1.3802
3.8119
2.1003
3.995
0.6337
1.5053
0.6855
3.5225
3.0026
0.9441
2.1148
2.9114
0.6032
1.131
1.8821
3.0024
2.1791
3.6356
3.2526
1.5634
2.1078
1.2304
1.998
3.1432
1.9611
0.8006
1.7812
0.8727
2.4514
1.4776
3.9538
1.123
3.4862
0.4564
1.8067
1.2875
3.6494
0.6577
1.9603
1.6972
1.1561
2.0867
2.9701
0.6067
3.2342
3.428
3.5796
2.696
3.2288
2.7668
1.9969
3.4267
3.8186
2.6442
1.1331
0.3293
2.1223
3.9832
2.682
3.8864
3.8124
2.453
1.481
3.4075
1.6989
2.7388
1.7907
0.3133
0.0663
0.6768
2.8291
2.3425
3.6927
3.6624
1.2854
2.2444
3.7957
3.6827
2.8798
2.8921
3.0237
2.1767
0.995
3.9566
2.3002
3.3796
1.2816
3.0377
2.8958
2.4104
0.9232
3.9768
0.2838
1.9171
2.1384
3.2079
1.278
2.5234
2.3184
2.8412
0.469
0.6606
2.7222
0.6794
0.6608
2.4051
2.2771
3.1882
0.972
2.0154
0.9873
0.0995
0.9967
2.8269
3.4351
1.2906
3.6224
3.1556
2.9642
0.3469
0.1404
3.7458
2.3206
1.3144
3.6975
2.3753
0.5413
3.1961
0.8651
3.349
2.8235
1.1774
1.7373
0.0315
3.8712
2.3827
2.4063
0.4151
1.1117
3.8896
1.4866
0.6859
2.8207
3.7763
0.101
2.7186
1.977
1.3107
3.9899
1.6369
2.4771
3.1051
2.3073
3.3283
3.8337
0.5415
3.3254
3.862
1.397
3.932
1.0751
2.36
2.8068
1.1941
0.2862
2.4023
3.9191
2.984
2.032
1.4827
0.5948
2.7492
1.3632
2.3868
1.3277
0.7888
3.4713
3.2377
0.6294
2.4054
2.9352
2.6167
0.3263
2.5479
0.2042
1.6489
1.0243
0.7748
2.3496
3.2714
1.8069
0.4962
0.0005
1.4345
2.2757
1.9572
2.7419
1.4207
0.2505
1.8666
0.1726
3.3709
0.7947
1.2779
0.8568
2.7516
2.5314
2.0537
1.2443
2.3747
3.4712
3.2532
0.177
3.9618
1.7996
2.9646
1.6948
1.4145
1.5454
0.3938
3.7183
2.0603
3.6607
1.8531
2.042
3.5371
1.7589
2.7931
3.4092
3.7845
3.9862
1.8533
1.4333
3.4985
1.4643
3.5242
3.5596
0.0329
2.9595
1.1543
2.2364
0.0651
0.7014
0.8443
0.0935
2.5229
0.6123
3.3799
2.2871
1.7934
0.2454
0.1604
1.9941
1.4219
3.7916
3.5889
3.5092
0.0548
0.4899
2.1356
1.2155
0.2104
2.0591
2.8724
3.0629
2.2863
1.1055
2.535
1.1122
1.4837
3.5964
0.1884
2.9704
1.6684
1.0062
2.6986
0.803
1.3335
1.1
2.4111
1.4439
1.9464
3.5973
1.6805
2.4795
1.5856
1.1593
0.703
1.4656
1.9544
3.262
2.2776
1.9028
2.449
1.5883
1.6459
2.7659
1.7405
2.293
1.8229
3.3562
2.0309
1.5051
1.3082
2.584
1.6961
2.4104
1.2133
3.045
2.1869
0.3958
1.7334
3.0535
2.1565
3.8734
1.323
1.1561
0.123
2.0262
0.1011
1.6538
2.4972
0.6421
3.0533
2.0164
3.7046
3.4908
0.2377
2.8433
0.7685
3.3635
1.8286
3.9779
1.4308
0.3934
3.8616
0.3693
2.6206
3.9989
1.0562
2.3411
3.3077
1.9508
2.9203
1.9175
1.9094
0.2722
0.7231
0.698
3.6231
0.7872
1.6242
3.3495
0.8378
1.1996
1.0828
3.7238
3.7142
3.5642
3.6276
1.1184
2.0572
1.8278
1.6689
0.7919
3.381
2.5615
1.6412
3.4004
2.405
1.1979
1.7943
2.8509
1.2885
3.2895
1.5178
3.852
3.1253
3.6502
0.3787
2.7087
1.6851
1.8963
2.7614
2.3741
1.5604
3.4055
1.0903
3.9099
2.1337
0.8481
0.0163
2.709
2.2263
0.6902
0.3298
3.1765
3.1185
3.796
1.993
3.8754
2.411
3.6376
3.9148
1.7946
1.1985
3.0813
1.1277
1.0085
3.0049
3.5203
2.6607
2.2985
3.2919
2.4506
1.4306
0.717
0.2368
3.7133
1.5313
2.7162
0.0141
3.6247
0.0446
1.6846
2.771
1.0139
2.1078
3.8618
3.2939
2.5755
0.7845
3.0316
2.2512
0.2647
2.8884
0.859
0.3367
3.1979
2.7405
1.0728
0.8171
3.562
2.2349
0.8062
1.3524
2.856
1.7556
1.0609
3.1289
3.5575
2.0467
1.6146
3.5955
2.3362
2.3756
2.8236
1.8891
1.1324
3.9468
1.6639
2.9014
3.1265
2.5944
0.0135
1.6279
0.3829
3.0522
0.4018
2.3794
0.8452
3.9781
1.806
1.0071
0.1834
0.3687
1.1232
0.5476
0.7082
3.042
0.0739
0.9906
0.3372
3.3955
0.2146
2.8718
2.2359
1.2551
3.7262
3.5211
2.4064
2.2772
0.1891
2.3749
1.0684
0.5884
0.0355
1.6705
2.8747
0.472
3.9394
1.9284
1.2361
1.9411
0.3016
3.7179
2.1471
3.6074
0.0486
0.9516
0.3456
1.8894
1.7285
2.0939
2.0565
2.5836
1.8574
3.601
2.8355
3.4672
1.3261
1.8341
1.0442
1.9976
2.3733
0.0543
1.0556
0.8025
0.4224
0.5406
2.0637
0.2734
3.1845
1.2464
3.2204
0.2147
3.59
1.4482
0.9466
0.5666
3.9457
2.6578
1.5646
1.2564
3.4025
0.9818
1.4882
1.3243
0.5017
3.2727
3.5747
2.769
2.6486
0.7489
1.2236
0.9409
2.6249
3.5614
0.1097
0.7569
2.8512
2.4996
3.0841
0.7257
2.5095
3.803
1.325
2.5126
2.1681
1.5953
1.0091
1.5887
3.8915
0.0018
0.0586
1.3445
2.1337
1.4702
1.0369
2.1469
2.3593
3.5043
0.569
2.6762
1.9709
0.2275
1.2788
1.057
3.5267
1.1285
2.463
3.5824
3.4874
2.8355
1.4937
3.4977
3.1406
1.164
1.0809
0.95
0.2039
2.8406
3.4314
0.7984
2.0929
3.4161
3.6198
3.5526
3.8404
2.9453
0.5893
0.4057
1.6669
1.3687
1.4802
1.8768
1.6474
3.3614
2.4726
1.577
1.8641
1.673
2.9054
1.4265
2.242
1.5833
3.2355
3.84
1.8323
1.6003
3.0633
0.1278
3.031
2.33
3.3564
0.6821
3.6903
2.4951
0.4336
2.2577
1.3797
0.6561
1.8302
0.7177
3.9789
0.9255
1.8128
0.651
0.5312
3.5319
1.695
0.0493
3.4873
1.4711
3.3115
0.5144
1.8695
3.0432
1.0876
2.0076
0.5023
2.3843
0.4089
1.5814
2.0454
1.7971
2.1592
2.0042
1.5223
2.9413
1.0234
1.4285
0.7255
3.339
1.751
2.6208
2.8735
0.4545
2.3947
2.8869
3.8634
3.6351
0.3252
2.3458
3.0264
0.0339
1.1752
2.3045
3.8318
3.6485
3.8154
3.5776
0.7007
0.9022
1.184
1.4669
0.8621
1.1728
2.193
3.7722
2.0967
0.1981
3.8961
0.4705
0.8498
2.6031
3.3957
2.2324
1.7809
1.0403
0.2612
2.0681
2.1983
2.8105
0.1914
0.7297
3.6196
2.6509
0.3374
1.1424
1.014
3.8251
3.1998
2.4074
0.5982
0.0302
1.3293
3.0133
3.6896
3.5242
1.4667
2.6295
0.575
2.2682
2.075
0.7565
3.7913
0.639
1.131
3.8453
1.9937
0.6889
1.182
1.0902
2.3287
2.4697
1.3456
2.0119
0.7562
2.0102
0.6443
3.6027
2.81
1.8797
0.5792
1.1044
2.8233
1.3445
2.94
0.9925
1.405
0.8518
3.6763
3.9991
3.9419
3.4066
2.0288
1.3156
0.7228
3.229
0.1796
2.024
3.418
0.1025
1.5459
2.9848
3.7463
2.5792
1.3404
2.9496
2.5042
1.5384
3.8139
1.2406
0.2895
1.4532
2.3648
1.7552
2.9171
2.8156
1.9281
3.9337
2.8308
1.4384
0.552
0.1183
2.1621
2.7311
2.1836
0.0683
3.4696
1.8126
2.6398
0.8962
3.5777
2.6995
1.4055
3.6994
3.9923
0.8597
2.3405
0.1961
2.3972
3.2086
1.0121
1.7215
2.3701
0.6682
1.3025
0.3487
1.5546
2.02
0.9066
3.6451
2.5394
2.9558
0.6863
2.0707
1.2249
0.7388
0.4617
2.7158
2.6334
1.604
1.0798
0.7918
0.8339
1.8367
2.0422
3.799
2.6553
1.3076
3.6875
1.4158
1.9659
1.653
3.3868
3.3805
3.1164
1.5252
3.3441
2.195
3.9277
1.8742
0.6026
1.0455
1.2397
0.3884
2.2122
3.4687
0.7294
1.2133
0.6533
0.4415
3.0976
3.7323
0.9334
3.7232
3.1329
0.8988
2.702
2.5773
2.5244
3.1659
3.1884
1.3147
3.6381
0.9439
0.9808
3.9414
1.4397
0.1637
3.0458
2.3465
1.2661
3.4629
3.8385
3.742
1.5884
2.2906
0.72
0.0432
0.1714
0.7688
3.3596
3.3489
2.4245
1.47
1.7338
0.592
2.5073
2.223
0.461
2.0004
3.8123
0.0824
2.2761
2.0725
1.0316
2.4022
0.8099
3.2689
1.2327
2.8407
2.9071
1.3562
3.8992
0.6703
1.0143
2.7248
1.5147
2.8747
1.03
3.2696
3.1904
0.5527
1.1988
3.932
3.7526
1.8957
2.2935
2.8013
0.1221
3.8301
3.4054
3.2274
3.9183
2.6814
3.2306
1.6871
2.2551
1.7704
1.8106
3.4302
2.5461
0.7415
3.7958
1.7492
3.5254
0.8179
3.7855
1.8078
3.5447
3.039
1.092
0.3924
3.1056
3.006
2.8678
2.9407
3.8394
3.1623
2.0065
2.5102
3.5908
3.616
2.8419
0.7608
1.9243
1.9461
3.3038
0.5816
2.2874
1.6914
1.5369
3.7103
2.4357
1.13
1.1624
0.9432
1.1498
2.7525
3.5248
3.3467
1.3107
1.2046
0.9408
3.8769
0.5807
1.3251
1.804
2.5192
1.8005
0.3059
3.2322
0.766
3.6802
3.9014
3.8472
1.6887
0.6774
2.5253
3.8792
0.7756
3.5396
0.4322
2.7683
3.9074
1.8678
2.0798
0.4536
2.6373
1.5698
3.9993
3.3613
3.2615
0.3163
2.8092
1.8724
3.5705
1.0207
2.6496
2.2816
3.3499
2.2928
3.575
2.3036
1.7605
3.0063
3.9629
3.8441
0.2727
0.7096
3.2732
3.6324
3.8794
1.5535
0.5079
3.8292
0.9354
0.2642
0.7964
3.8268
3.2534
2.9573
0.3403
2.3332
0.4506
0.6784
2.046
2.8906
3.8453
1.2555
0.5905
3.2212
2.298
3.5832
2.9692
3.5218
3.0923
3.0843
0.3434
1.2157
1.5383
0.5639
2.5237
3.842
0.8305
0.7635
3.4363
1.2842
2.9838
3.0483
2.2042
0.632
2.7319
2.9855
1.5826
2.8579
2.9727
2.4764
2.3235
2.9693
3.2074
3.1091
1.6064
1.3953
0.0051
0.8958
1.5758
1.4184
1.0792
2.0763
0.9812
0.3781
1.2874
1.1073
2.6647
0.8526
3.7823
3.9924
2.0548
1.0785
2.4078
2.3132
0.176
0.758
1.0616
2.0153
0.4504
3.1361
1.9435
3.41
1.3781
1.0068
1.683
1.5092
1.0903
2.4949
2.6478
2.7822
1.4551
3.1027
3.6729
3.7909
2.85
2.5156
0.3315
3.854
2.4046
3.5954
2.5055
1.5327
2.8601
0.5112
0.9454
0.4249
0.0892
1.4464
0.8575
2.7885
0.652
1.3444
2.4847
3.7774
3.388
1.7106
1.6741
1.0641
1.2162
1.0424
2.3156
1.3803
2.2606
0.05
1.5164
0.7413
1.2842
0.3922
1.9586
2.7044
2.796
2.2794
1.4583
0.743
3.0611
0.3846
2.8913
1.2653
2.2622
2.3331
2.6828
1.9605
2.3372
3.2139
0.5531
2.9718
2.3963
3.0726
0.1236
1.3423
3.6234
1.208
1.168
2.319
1.754
2.5851
2.6671
0.6425
0.6932
2.8774
1.3613
1.2908
0.6308
0.4175
0.8867
0.7365
3.2694
3.8691
1.0
1.9446
0.2469
3.4508
3.6629
1.7347
3.6381
3.6687
2.8572
1.9328
0.4814
2.5758
1.6448
2.8251
2.0962
3.6008
2.606
3.196
0.6649
3.7613
0.6704
1.7392
2.1709
3.1822
1.0422
1.8273
0.1244
0.4459
3.9683
1.001
1.8185
3.5951
3.456
2.2639
2.7001
3.5984
1.4677
3.7734
0.3241
0.5201
3.6887
2.6538
1.5286
1.5048
2.8075
0.8279
1.9956
0.5138
1.1369
3.2807
2.8089
1.0911
2.0333
1.4437
2.4471
1.5436
1.4897
2.1792
0.6905
1.9174
0.404
3.6608
1.7205
3.2805
3.4132
3.1687
3.7165
0.2592
0.0506
3.1359
2.1335
2.8073
0.8424
0.9009
2.5376
1.4706
0.6623
3.1564
1.3835
0.2319
1.9565
2.3054
1.8078
0.6607
0.7891
2.6167
1.2777
0.3667
0.4229
0.5335
0.9675
0.6169
0.8984
1.8258
2.0183
3.1234
1.1117
1.9611
0.9506
3.0091
0.1383
3.258
0.0316
0.1529
1.2016
1.3374
2.9878
1.8816
3.7607
1.9397
3.6249
3.8311
2.0732
3.0273
3.8659
2.5242
2.5547
1.1497
2.9461
2.1529
2.4766
1.7114
0.964
3.2987
2.3043
1.3447
0.3382
0.4304
0.9198
0.3531
0.6966
0.671
0.6129
1.2195
1.4719
3.3351
3.1668
2.9207
1.5438
1.3735
2.9162
3.477
0.372
2.6855
1.729
1.911
3.3629
0.5537
1.6107
2.3178
1.5931
2.222
3.4369
2.4362
0.3141
0.6441
3.497
3.5778
2.9083
3.5881
1.2102
2.9106
2.31
3.7801
2.8006
0.0049
1.5044
3.236
0.4767
3.6425
3.2833
3.834
3.2449
0.4524
3.3817
3.4702
2.404
0.1741
2.0495
2.4669
0.6225
1.2737
3.9466
2.7668
2.0764
3.7402
2.7057
1.5636
0.115
0.9164
0.4468
0.5802
3.9388
1.8151
2.7298
2.1253
1.8686
3.2186
1.4373
0.0662
1.6271
0.5573
2.6545
0.7392
3.6667
1.6958
2.0856
1.4567
2.5373
2.73
3.5956
1.2836
2.5929
1.4164
0.7438
3.509
1.428
0.8322
3.3439
0.9734
2.651
3.2386
1.2957
3.3804
0.4442
0.6406
2.3404
3.6686
2.7578
1.5809
1.6416
0.5594
2.156
3.5214
1.8829
0.4552
2.8367
3.1433
0.9928
3.4776
3.0614
0.3452
3.143
2.7781
0.5392
2.0929
0.1928
1.0605
0.6518
2.3121
1.1637
3.7056
1.1845
2.4347
3.1208
3.3608
0.1135
3.2113
3.7998
1.8765
3.4747
2.1617
1.9935
3.8383
3.1302
0.8181
0.9552
2.7278
0.9793
0.4485
1.8942
2.0282
2.3684
3.2448
2.2507
0.2016
3.7625
3.1207
1.1324
3.1378
1.3154
0.8801
1.6816
2.8388
0.1351
3.7934
0.3259
3.534
2.4614
1.0382
1.7374
2.1899
3.9533
1.6146
3.8897
1.1535
3.3183
1.9853
0.3211
0.6717
1.9077
0.4395
2.3567
1.9157
1.0993
0.8932
1.8446
1.8016
2.3618
2.8648
3.0126
3.6746
0.47
2.9645
0.3345
0.0336
1.8165
3.3525
3.6389
1.2397
1.9541
3.1889
2.3985
0.8534
3.0588
2.1439
3.2909
3.0665
3.1959
0.9366
2.0249
1.021
1.8156
2.6944
1.2317
3.5493
0.4556
0.7498
0.3383
0.3387
0.6867
3.775
1.8166
3.7703
1.6759
2.7723
3.9732
2.2053
3.178
2.5077
0.1647
2.3938
0.1732
1.668
3.2844
3.4712
0.9326
2.3645
1.4311
0.5389
1.6284
2.7771
1.7812
0.4624
0.6781
0.9672
2.6766
1.9731
0.3715
0.2538
1.4401
2.1834
1.4647
3.6269
2.4812
0.7082
3.9549
0.3817
3.5098
1.1715
0.3667
1.2827
3.381
3.2394
3.2544
3.438
2.2203
2.5772
2.1264
0.348
3.8278
2.6213
1.8005
3.4577
0.9097
2.9836
3.6518
1.6189
2.4804
1.7383
3.9311
2.4538
1.2088
0.8213
2.2789
2.6767
1.2441
1.7212
1.6657
2.5205
2.21
3.3456
1.0847
0.4437
0.4703
3.6036
3.0567
0.2742
2.7994
0.3772
2.0076
3.8456
3.081
1.9215
3.4028
0.304
2.5302
1.5434
0.444
0.0109
2.1928
0.64
1.2873
0.3182
2.0724
3.5972
3.9052
1.8525
1.6826
3.6109
2.8098
1.5937
2.6363
0.5027
2.7398
1.9181
3.8389
2.3413
3.493
2.3083
1.6399
3.2106
0.7069
0.2211
2.04
1.7632
2.312
3.8506
2.3985
1.8312
1.9508
0.0868
2.317
0.9052
2.7016
3.6398
0.3492
2.2567
2.7838
3.3197
3.6749
2.8879
0.9959
3.9587
3.7
1.487
2.261
1.4498
3.8703
3.2807
3.6545
3.4175
3.9795
2.7545
1.1572
1.7273
2.0667
3.2259
3.9404
1.4792
0.9867
2.2133
1.8031
2.9593
1.8427
0.5028
2.236
2.4524
2.1584
3.8599
3.5028
0.326
0.0802
1.7979
0.8629
2.8187
3.4376
1.0598
3.0863
1.4597
3.7187
0.5286
1.6798
1.795
2.1558
2.6165
3.499
0.6202
0.9286
1.6491
1.1278
2.4911
3.1778
0.8056
0.5412
3.9799
0.0319
2.2277
3.6338
2.6957
1.4226
2.1049
3.4053
3.5508
1.7951
1.9122
3.2904
2.0205
2.5537
3.8773
3.9912
2.3166
2.6119
1.2173
1.5735
0.4299
1.4488
3.1601
1.6643
3.9158
2.6815
0.9722
1.7227
1.477
1.1941
1.4643
3.6225
0.5259
0.9662
1.7542
2.431
0.8715
1.7703
1.5548
3.8022
1.889
2.0141
0.5704
0.0063
0.5749
2.3178
1.084
3.5556
0.0387
0.9966
0.3572
1.1993
2.4571
1.6693
0.2076
2.6697
1.3872
1.0777
1.1616
1.5376
3.7267
1.5407
0.8262
1.3559
3.3139
2.0435
1.2478
2.5721
3.6505
1.021
1.048
2.2241
3.1048
0.7104
0.8665
1.613
0.4125
0.8363
1.5843
1.3101
0.4908
1.1873
3.9618
0.5209
2.3304
3.0343
0.8044
1.3975
0.1647
0.1158
2.1888
2.0185
3.4879
2.955
2.8361
3.3232
3.7899
1.4011
1.1769
2.3555
0.988
2.8322
2.3119
1.5863
0.4497
2.7526
0.7356
1.6633
2.4256
1.238
2.5037
0.3038
2.9643
0.6773
0.1567
2.2403
3.2194
3.365
0.7308
1.9169
1.1405
1.3911
1.0928
2.4373
1.6261
2.2559
0.4959
3.7432
0.6388
3.8272
1.4149
0.1431
0.0244
2.7617
3.3975
3.825
2.6848
0.8087
1.0704
2.8723
1.9495
0.288
1.6458
2.2859
2.2614
3.0208
0.5998
1.0448
3.8165
0.2688
3.9027
2.1033
3.697
2.2425
0.1234
3.9279
2.2188
3.8402
1.9753
0.8145
3.5185
0.692
3.1238
3.0455
3.2329
1.8371
3.424
0.4569
2.6624
1.381
2.7176
2.9678
3.6954
1.1738
1.8448
3.8658
1.7725
2.8332
1.6458
0.3019
1.7363
3.6281
1.6807
0.6627
1.2119
2.1892
1.7311
1.1285
3.5742
1.6512
1.9001
1.2453
3.1726
2.6621
3.5478
2.9472
3.6166
3.834
1.0471
1.4014
3.958
3.8825
1.2561
1.0621
1.6387
0.6177
0.4741
3.4147
0.6235
3.7434
1.3166
3.5403
1.9032
1.4351
2.8067
2.7897
3.5637
1.5757
1.3336
2.2418
0.8069
3.5115
0.0343
2.6976
1.3182
3.3563
3.6053
0.8739
2.6133
3.1902
3.8172
3.0761
2.6349
3.8705
3.2132
1.0486
2.188
0.2074
0.7301
3.9624
1.8589
2.9269
2.8918
2.5214
3.0628
2.1616
3.045
3.0208
1.2655
2.7334
0.0429
2.0222
1.6515
3.172
1.1551
1.9745
3.1181
0.5096
1.5385
0.3041
3.5221
0.5186
3.2964
2.3886
3.6145
0.5183
3.0772
1.8713
0.0341
0.4443
0.1119
1.5586
0.3452
3.7715
2.5398
1.4557
3.7057
3.6979
1.4567
1.8331
0.3299
1.3401
0.8696
2.6678
1.4374
2.8553
0.512
3.2219
2.3684
0.6013
0.7729
1.4034
1.2571
3.9113
2.5822
0.2949
2.6107
2.9632
2.2266
2.6578
1.5695
2.0769
3.0648
3.6233
2.0241
1.2083
1.0705
3.9172
0.0676
1.5462
0.0498
3.9154
1.5575
2.3999
3.2336
2.6094
3.8621
0.3545
3.2486
2.0712
3.6399
1.0789
2.6635
0.2449
0.7902
3.8255
2.1646
0.5869
2.2653
2.1776
3.5453
1.5904
2.3955
1.7718
2.9674
3.2599
3.9227
3.4613
3.6011
2.8502
1.0059
1.1752
2.2086
3.6446
2.294
2.6129
3.7437
3.4698
1.8991
2.7858
3.5319
1.3922
0.6791
2.0863
1.1186
0.6248
0.2958
0.5865
1.1392
2.9535
2.4896
2.5011
2.4721
3.9087
3.0092
1.0058
1.2322
0.145
3.8434
1.9893
2.5316
2.8911
1.6609
0.5496
0.7186
1.1831
0.5577
3.6105
2.1508
2.7272
3.1441
0.7403
2.3948
2.536
1.3542
2.5823
3.4751
1.0028
2.7205
0.3998
3.8514
1.0338
1.5745
3.0266
1.7479
3.4644
3.3379
3.002
2.263
0.3164
2.5587
0.9288
0.652
3.6306
0.3403
1.0953
3.7805
2.3705
3.5509
2.416
1.1507
2.9025
1.9896
0.3853
2.8335
1.4868
2.3716
2.1161
3.3431
0.7709
3.814
0.9201
0.4236
2.7631
1.5078
1.4503
1.7478
1.0396
1.1754
0.7473
1.114
0.6911
1.8803
2.3161
0.2305
2.0166
0.045
0.1213
2.5099
1.0003
3.292
3.4011
2.0682
0.0887
1.7226
3.6993
0.0003
3.4826
2.0016
1.7349
1.9091
1.274
1.3184
3.9887
3.5052
3.4573
3.2852
1.1746
2.2045
2.0059
1.1308
3.8569
0.4836
2.419
1.8782
2.845
0.6636
1.2227
3.3111
2.7281
2.5186
1.3082
2.2201
3.792
3.3224
0.3608
0.0876
3.0364
2.5107
0.7223
3.5604
0.9049
2.838
2.9837
0.6509
2.5615
0.4552
0.8579
0.2873
0.2684
0.5018
0.8682
1.3377
0.3641
1.5597
1.6245
0.6334
1.8496
2.8356
3.5155
1.8267
1.5155
0.6393
1.5242
2.3174
1.1445
3.0137
1.5516
0.8983
1.8251
1.5336
3.9878
3.0285
2.2847
1.2023
2.1923
0.3486
2.5465
3.9036
2.8584
2.0379
2.613
1.426
2.2197
1.5039
0.047
3.3848
2.363
1.9331
2.8434
0.8918
2.9042
0.2813
0.44
0.3023
0.4679
0.3766
3.6862
2.8972
3.0544
0.8377
0.45
3.5369
0.8796
1.5118
2.1549
2.8502
2.9841
3.2766
0.0177
0.6597
2.5402
3.0036
0.6423
1.5484
0.6948
0.8341
2.0759
2.7924
2.8059
2.7475
2.1593
1.4694
0.2997
2.3038
1.0268
3.1092
3.2476
3.7311
1.3667
3.7145
1.4271
3.0573
1.7663
2.4667
0.5194
0.8393
1.6796
0.9516
1.112
0.9344
2.3839
3.0642
3.7964
3.8698
2.1724
0.575
0.3825
0.0921
0.0997
2.6521
0.7284
2.1095
3.2449
2.501
1.5482
2.3091
0.6471
3.8383
1.0714
2.7205
3.591
1.1493
1.0899
2.3669
1.5229
2.5622
1.8579
1.0215
2.2358
2.095
0.7849
1.7703
1.7221
0.4681
1.5289
0.3867
1.7081
3.1484
1.4642
3.5895
2.4574
0.9222
2.173
2.5026
0.7725
0.9347
2.093
2.0674
2.6458
2.2659
1.9736
0.746
2.6518
1.9064
0.3906
0.5747
3.2625
1.2877
1.2224
3.9015
1.2689
2.7838
0.8329
0.9724
1.5892
2.9453
1.4823
2.5314
3.4357
3.5042
3.1018
0.3479
0.3251
0.306
1.7231
3.905
0.737
0.313
0.477
0.1906
0.9717
2.5127
2.5813
1.5144
2.6958
0.0552
1.1851
0.5995
1.1996
3.2346
1.5829
2.0669
3.3056
1.5128
3.0188
1.9432
2.6227
1.8174
1.2933
2.4266
0.5155
0.8166
2.5356
0.9099
0.8911
0.9581
3.5139
2.487
1.2383
3.6898
0.2385
3.0699
1.1714
3.6052
1.4428
3.0019
2.0182
0.9961
3.3732
2.0809
3.7215
2.875
1.9848
2.3837
3.0109
1.4752
1.9264
1.3432
1.4104
3.5334
2.3156
0.614
0.4088
3.5771
0.1598
3.0968
2.6133
1.0173
3.6267
3.2583
2.2987
2.0152
1.8464
3.6463
3.6605
0.87
3.7989
1.6347
3.1676
1.054
1.9052
1.5052
1.5465
3.7579
3.9987
1.2773
1.4257
2.9764
0.4846
0.5386
3.328
2.2564
2.9236
0.3747
3.9561
2.1558
0.623
1.5781
0.4436
2.8655
0.4872
0.33
1.7238
3.7636
1.5634
3.5668
0.1386
2.31
2.676
1.6652
3.6489
3.7653
3.9864
0.2331
0.2958
3.8526
2.2346
0.9716
1.0512
3.5563
0.4729
0.1291
1.7831
1.705
2.957
0.0158
1.6194
1.557
2.7037
2.4791
2.7662
0.2689
0.9572
3.7282
3.8796
1.6563
1.4331
0.2234
3.1431
1.705
0.2547
0.5035
3.293
0.1427
1.5575
3.0108
2.0992
0.0578
0.2403
0.3774
2.9692
1.9029
0.3898
0.8044
0.1907
1.7963
0.9356
1.0713
2.7323
0.9867
1.3339
2.5568
0.7647
1.2684
2.4273
3.0605
3.1992
2.6667
3.5018
0.1831
0.881
2.3832
2.4026
3.2316
3.7665
0.2533
3.324
2.3638
2.3892
2.5336
2.3823
3.0298
2.7752
1.1446
3.7692
1.1537
1.416
0.7931
1.2595
3.3926
2.6036
2.0949
2.7603
0.043
2.8878
0.698
1.4868
2.9736
3.0356
2.6723
3.5347
2.8606
3.8353
2.3632
1.4847
2.7465
3.5575
0.0485
3.9017
3.6084
0.5297
3.7983
0.1222
0.8688
2.741
1.5974
1.7316
2.777
0.8595
3.6992
1.6617
2.5081
1.3113
3.9646
2.0581
2.617
0.0786
1.5502
1.1679
0.3792
0.2991
1.8272
0.9275
1.7798
3.4121
2.2517
3.0675
1.2325
3.7455
2.1479
0.2029
1.603
2.1498
3.641
2.3953
3.0492
1.7957
0.54
0.2827
1.2513
3.0017
1.1099
0.4412
3.4967
2.2337
2.9805
2.2423
1.0532
2.5304
1.0966
3.5473
1.1043
2.312
3.1055
0.3475
2.9814
2.5924
1.7987
3.801
0.115
3.5644
3.6687
0.6385
0.9839
0.1365
0.3871
2.7521
2.3295
1.5249
2.1716
3.5446
1.1885
3.489
3.2542
3.7881
3.095
3.1078
3.268
0.8194
2.6939
1.8564
2.9605
0.7817
2.2914
0.5242
2.1575
3.271
2.4327
2.151
3.7384
1.4272
2.0836
0.6435
2.7115
0.9135
2.7425
3.1344
0.1604
2.4994
0.0683
1.7926
1.8544
1.7196
0.0244
1.6809
2.3695
1.0264
2.6836
1.2745
1.4251
1.5302
0.6011
1.4396
0.1332
2.7126
1.1982
0.5555
2.3442
1.7515
0.3436
3.318
2.9395
3.1515
0.1184
3.1531
3.8093
1.154
1.3141
0.4888
3.649
0.4726
0.0382
3.0297
1.0704
2.0215
2.3449
0.9275
3.172
0.6483
3.8055
3.0339
2.796
2.1791
3.3689
2.4099
3.3781
1.5566
0.1407
2.818
2.6271
2.163
3.6335
0.2933
2.8229
2.8401
3.3373
0.5371
0.9741
3.1274
1.8501
3.4204
2.4765
2.2522
0.3287
1.3886
2.5552
1.3217
3.9403
1.6504
1.6302
2.8013
3.3785
1.2311
1.4293
3.4124
0.5515
2.9522
0.1571
1.0651
1.0733
2.4505
1.8417
1.2396
1.6457
3.9826
1.325
2.1257
2.1819
2.616
1.4226
2.2048
2.4908
2.9437
1.2997
1.6746
2.8234
1.6808
3.0528
3.3975
1.4945
1.8204
2.7212
0.7855
1.0711
0.3113
2.2908
2.9466
2.4088
1.3814
0.8799
2.5206
0.1465
2.3901
2.7051
0.2929
0.4891
1.7682
0.4871
3.0811
0.8726
2.6028
1.6241
3.757
3.6548
1.3952
0.7479
1.7292
1.9923
2.3148
2.2252
0.9106
0.0918
3.5825
3.665
2.2981
2.5344
2.3013
0.0861
2.5024
2.1441
3.119
3.5491
1.9287
3.7807
2.3806
0.4201
2.4314
3.3437
1.8038
3.8428
3.4232
3.036
3.1503
2.3073
3.6489
3.8108
0.4945
0.3296
2.2341
3.3198
1.4719
2.3557
0.4866
2.4201
3.0127
2.9958
1.7949
2.4475
2.0707
3.8651
0.3055
0.6606
3.6201
2.6002
0.868
3.773
0.5923
2.216
0.5489
1.6796
1.2694
1.5571
2.3906
2.4024
3.4282
2.3363
0.8766
1.1428
0.7748
1.0397
0.7075
0.7214
1.4743
0.5254
1.0097
0.8686
1.6263
3.0147
0.8263
0.4251
3.3311
0.1238
1.541
0.7722
3.5174
2.6307
0.5432
3.4819
0.7074
0.4499
2.8542
2.092
3.617
1.939
3.0281
0.8268
1.8982
0.5873
2.0828
0.8489
0.5165
0.0522
2.8348
2.466
1.6331
0.9529
2.9692
3.3746
1.2302
2.9167
3.5722
0.0984
2.954
1.4414
3.7452
0.6484
1.1103
1.727
0.2284
1.032
1.8847
2.1218
1.6421
2.9706
2.4175
1.2051
0.9739
1.7745
1.8882
3.4307
1.1806
2.3894
3.615
1.4517
3.294
1.1901
0.5435
2.4395
1.7129
1.5289
1.2157
2.059
2.3483
2.3378
1.1512
3.9686
0.0846
0.5916
0.4447
3.159
2.0662
3.4938
1.7835
1.5476
2.9413
0.8095
2.1762
2.9033
0.6628
0.5739
3.8827
2.526
0.0001
1.2291
3.521
1.757
3.8261
0.0374
1.3102
1.1198
3.2703
2.3082
0.7715
0.6197
1.0026
2.6824
2.0304
2.9295
2.0247
1.1902
2.6379
3.6337
3.9245
2.3763
0.6716
3.7464
1.4583
1.161
2.7257
2.2128
0.9534
0.6273
1.0057
1.6298
0.3591
1.9332
1.1031
3.5345
2.2932
2.2974
1.7283
2.769
0.6151
2.574
1.8568
0.6512
3.0001
0.361
3.7848
1.8426
2.8164
1.823
2.4477
0.798
1.0722
3.7466
0.1822
1.8197
0.1534
2.4989
2.8999
3.1312
0.3968
1.5175
0.7722
1.3349
0.4992
2.8924
3.3068
2.7218
2.0095
1.5566
2.172
1.4228
0.3552
0.9053
0.5842
2.2097
0.2839
2.8937
2.253
1.926
3.5485
3.4775
2.3103
3.4219
3.9522
1.7511
2.5453
3.1703
0.3947
0.2718
0.5729
0.4913
0.6678
1.5332
1.7705
2.4491
2.4433
3.3004
1.8864
1.8008
0.5568
2.7138
0.9494
2.371
2.2459
3.4279
2.2384
3.8859
1.1019
3.743
0.7084
1.5925
2.4373
2.426
1.1239
2.8495
2.6664
0.1002
0.9775
0.6495
1.7394
0.7737
3.8921
3.1202
1.1284
2.2144
1.0397
2.6418
2.3582
2.7675
0.6208
1.0436
1.0167
2.7782
3.1186
2.9667
0.0586
2.8886
3.7575
2.6384
1.9957
3.4071
3.9604
1.6798
0.6082
0.3414
0.9277
0.398
2.2636
1.0231
0.6745
1.9014
3.15
1.2178
1.4039
2.6471
2.0671
2.1967
1.7535
3.8236
1.0532
2.5793
2.263
1.1742
3.5711
0.903
2.7584
1.3035
0.8677
2.0565
0.2467
1.259
3.4353
2.7264
3.5308
2.9017
2.8266
2.7731
2.9787
3.654
2.7723
3.2823
3.4218
0.8228
3.0543
1.878
2.2444
2.8648
1.1673
1.1172
1.3532
2.5803
0.1987
1.5405
0.1738
1.8318
2.711
3.0268
2.414
3.8616
3.0674
3.2349
0.2091
2.7489
3.2274
2.91
3.7992
2.1699
2.9612
1.6168
0.8973
2.7081
1.2966
3.5679
2.6567
0.5944
1.4932
2.5177
0.2207
3.2343
3.541
0.1321
0.4133
1.6426
1.5952
1.6033
1.725
0.026
3.6714
0.6704
0.4335
3.6385
1.8335
2.4645
1.3388
1.0452
0.4255
0.4243
2.8655
0.1272
2.7297
1.1044
1.487
2.1625
1.0899
0.5682
2.9893
2.2417
2.5286
3.5389
3.689
1.3889
1.0121
3.1732
0.4361
1.7808
2.4934
0.4278
0.4878
2.5975
0.9609
2.1106
2.5178
3.5838
2.0793
0.5807
2.6093
3.7441
3.2791
2.6159
2.1864
3.4932
3.3301
0.377
1.0408
2.763
1.931
0.3616
0.1829
0.8705
1.2767
3.4146
3.9773
3.2398
0.9206
3.2047
1.996
3.635
2.5076
1.7766
2.2259
3.2988
3.4172
2.8308
1.2437
0.7538
3.5199
0.5902
1.1888
0.4251
1.6543
2.9322
1.6436
2.6591
3.6529
3.7732
3.6183
1.0062
0.6685
2.4568
3.517
1.625
0.9616
0.1676
0.5095
1.0939
3.4373
3.9021
0.1382
2.2308
3.2378
0.2617
3.6839
2.4441
2.4203
0.5174
0.8485
3.061
0.7924
3.7152
2.2494
1.4386
3.8066
0.8112
2.5206
3.8954
2.0632
2.1501
3.7046
1.5067
1.92
2.0247
2.3444
1.5668
0.7735
1.5802
2.9157
3.8539
3.2093
2.1905
1.9012
0.5131
2.4887
1.0962
3.2974
3.3685
2.0993
3.9643
0.7817
3.3642
2.4858
2.3044
0.0154
0.693
1.3821
0.4767
3.9532
3.9393
2.5598
0.0236
3.4002
0.1198
2.82
1.9129
1.4216
3.0603
1.5852
0.4873
2.5958
3.4189
1.3215
1.1674
1.7378
0.6
2.1023
2.7152
2.5033
0.9795
1.6335
3.2339
3.073
1.0007
0.4022
1.3499
1.2131
3.7851
2.9715
3.1268
0.5651
0.8996
3.0625
1.2216
2.4427
0.1134
1.1822
2.8792
1.3121
2.0762
1.3898
1.4474
1.5869
3.5375
0.0238
3.7983
3.3008
1.8642
2.3616
2.2994
1.2799
1.5395
0.052
0.128
2.0124
3.351
2.8996
0.8627
3.4057
1.3553
0.4201
0.3438
3.7112
0.9828
1.1103
0.4947
0.9273
1.766
0.0254
3.3106
3.9819
0.6411
1.481
0.1592
1.7366
0.3099
3.3017
3.485
0.3263
3.5876
3.5001
2.404
2.678
0.7147
1.6049
1.3121
3.9711
0.0235
0.4395
2.5213
3.6853
0.0797
2.841
0.7233
1.5929
1.6961
3.0314
0.8011
2.7544
2.3591
1.1825
0.2112
1.2252
3.7513
1.6013
1.8097
1.5408
1.6164
3.4647
1.5689
2.465
1.7588
0.6561
0.7999
3.338
3.6856
1.5321
0.878
2.2351
3.059
3.151
0.8059
3.4094
2.4266
3.8129
0.7689
3.6293
0.5743
3.3022
1.4084
1.8537
3.9625
0.3907
0.9338
0.479
3.9257
1.0825
0.7799
0.6695
0.86
0.1108
2.1608
0.5212
3.5447
3.1009
2.2965
0.2841
0.4647
0.4974
2.6956
0.2176
1.1127
2.7616
3.8458
3.9756
1.3418
1.2225
1.594
2.7646
3.011
2.9617
2.8162
0.1759
1.1659
1.435
1.2487
2.8954
2.1509
1.5635
0.1301
0.6689
0.1338
0.6676
2.1243
2.48
2.946
0.4903
1.8933
0.5124
3.5151
1.8773
1.7658
1.0656
0.691
0.68
3.4669
0.3319
1.0131
3.1814
1.2824
0.6739
3.465
1.5424
1.5139
3.0779
3.9772
3.2432
0.0625
3.1567
2.2413
2.5718
3.4589
0.5714
2.8776
3.2163
1.1247
1.1953
2.1754
0.7035
1.7592
3.7026
3.074
3.5375
1.4868
3.4421
1.7956
2.1583
3.5782
2.7219
0.1415
3.2241
2.5321
2.1084
0.7677
1.6505
3.0882
3.807
3.8138
3.2321
0.5032
1.5198
3.9685
1.0959
2.9335
3.9983
0.4124
1.1514
2.4016
1.0537
0.1766
0.5759
1.8762
1.1421
2.4336
0.1222
3.1439
0.4413
3.9565
1.243
1.8423
1.1647
3.6669
1.4439
1.2541
2.3787
3.1492
2.0575
3.5792
0.4629
2.4997
3.7015
2.5667
2.6464
3.6047
0.3774
0.1758
3.5638
0.4002
0.7378
0.9201
1.7228
0.9938
3.8991
3.3074
2.5776
3.497
1.697
2.8416
1.4264
2.7169
0.8924
2.6128
2.2812
3.2118
0.458
2.9547
1.912
0.4807
2.6468
0.8929
2.5826
1.8903
0.5465
0.1338
3.8946
1.9013
2.4064
1.8946
3.3267
1.5694
1.3109
2.0977
1.0665
0.509
0.1787
0.8845
3.8422
0.4623
2.0265
1.7325
0.6311
0.7012
2.2333
1.4993
0.0373
1.9825
2.6385
3.172
0.324
1.5713
3.3613
2.8953
1.5356
1.4134
0.2512
2.0028
0.3549
3.4552
0.4333
0.3129
0.0976
0.3514
3.9684
1.9598
1.8203
1.3374
2.685
0.2017
3.3954
0.0909
1.3324
0.9853
2.3397
2.7894
1.6853
1.4725
3.2029
3.201
0.0203
2.9786
2.1129
3.5257
2.617
2.8344
2.9454
0.5278
1.4562
0.6627
2.7432
0.7449
3.2985
2.5148
0.2655
3.8404
1.5113
1.4127
1.2365
0.5876
1.1805
2.3019
2.5314
0.3958
1.3273
1.0014
3.7268
3.6571
0.5709
1.1675
0.1861
3.0467
3.2815
2.0007
0.9733
2.835
0.7369
0.6491
2.6012
1.0657
1.858
1.0208
0.8119
0.5338
2.8906
0.0203
1.1266
1.9756
2.8193
0.315
1.4224
0.6204
0.8292
1.7447
0.1935
3.9575
0.6124
0.8932
1.811
0.0212
0.0337
0.5683
1.2999
2.2468
0.9674
3.4561
1.2584
1.3148
1.7198
3.353
3.2767
3.1774
1.9557
2.0515
3.5363
2.0798
2.0754
1.8272
2.4307
0.9675
3.341
0.0008
1.408
2.521
1.2124
3.418
0.5912
0.4561
1.4044
2.3485
0.9841
2.5126
2.4667
0.8019
2.1551
1.7726
0.4937
3.1398
1.7781
1.3944
1.9006
1.114
0.007
1.4667
3.4489
0.8288
3.7359
3.1074
3.1465
1.4449
0.2734
2.3308
3.603
1.1735
3.0116
2.7012
3.3851
1.6241
3.3768
1.0992
0.3139
2.4317
0.2369
3.8082
3.7812
0.6573
3.4444
0.6041
0.7815
1.0206
2.0966
3.9196
3.1973
1.375
2.9281
3.1451
0.1099
3.257
0.8276
2.1963
2.3418
3.484
0.1389
0.041
2.6947
3.8346
2.2081
2.3496
3.5055
2.5486
0.9211
2.7058
1.0035
0.7458
1.1015
0.2231
2.5963
2.9642
1.3987
1.6736
2.5441
2.3945
2.5959
2.2874
0.7724
1.71
3.6775
1.5451
3.9786
1.9221
3.3567
1.891
0.4582
0.0671
0.3111
3.1317
3.354
1.4294
3.3491
1.724
1.9648
1.5946
0.1534
2.4385
1.6078
1.286
0.0326
0.0049
3.7903
0.3524
3.6723
2.3243
0.6612
3.847
2.0961
1.6048
1.2918
3.7922
3.5507
1.0257
1.7794
0.4257
0.3748
0.3112
0.1976
1.6452
2.6335
1.4009
2.9709
1.1853
3.7305
1.9068
1.0491
1.509
2.4342
3.5212
0.9538
2.3519
1.3368
2.2078
2.0369
1.4252
0.6442
3.006
0.8669
1.5708
2.4467
0.6631
0.789
1.2375
3.5905
3.4551
0.6106
1.5536
3.4939
3.4612
3.1615
0.6536
0.9631
1.5372
1.634
0.5575
1.2052
3.6335
1.2175
1.0574
2.2782
0.1501
2.5839
3.193
0.4766
1.1736
2.1641
1.2178
0.5079
0.5255
0.6633
3.3051
2.5532
1.5567
3.9446
3.771
0.7819
2.4127
3.238
1.1933
3.2572
1.1602
0.0913
2.2654
1.8398
0.8112
3.2012
1.05
0.0117
3.9923
1.732
3.2351
1.723
3.2476
3.5846
0.7052
2.585
2.5127
3.7832
3.7212
0.4436
3.0334
3.1129
0.8839
0.8998
3.8398
1.4519
2.6744
2.7233
0.7168
2.7965
3.5342
2.9897
3.9943
0.5474
1.4571
0.9375
0.5899
0.641
3.1353
3.634
1.6896
1.6909
2.0181
0.5116
2.9861
1.4391
3.525
1.8764
2.2169
3.9214
0.477
3.6702
3.6986
0.929
2.5323
3.4271
3.8402
0.8807
0.4022
2.8817
1.8293
0.2587
0.2037
1.5373
1.1318
0.0714
2.1005
3.7872
2.2847
0.2198
1.0535
1.0598
2.2372
3.6654
3.3329
2.2303
3.0955
3.7654
0.5234
2.0098
1.9453
1.889
1.4642
3.942
0.4357
3.1632
3.4859
3.9084
3.1919
1.552
1.099
0.5246
3.6342
2.5519
2.8073
1.7827
3.3525
2.8443
3.7859
3.2814
0.0643
3.5365
1.2776
1.0046
0.1458
1.3299
3.8643
1.7575
2.7531
1.2516
1.9196
3.1095
0.0924
1.9342
0.3323
1.2185
3.7955
3.4443
2.9987
2.3337
2.187
3.5182
1.0338
1.8742
3.4063
2.8046
0.3477
1.9155
0.5172
0.6735
2.3568
0.332
0.5661
1.6451
3.6334
2.1594
1.4296
2.6886
1.372
3.2408
2.0203
0.0446
2.2699
1.642
3.5118
0.4303
0.1537
3.4644
1.9988
1.6951
0.2579
3.129
1.0884
1.525
3.6035
1.381
2.0066
0.5712
2.0464
2.2413
0.3007
2.9735
0.0979
0.0219
0.0285
3.7361
3.7454
2.7409
1.8555
2.7828
1.5338
0.5579
3.2841
1.8746
1.8999
0.8666
0.8983
1.3882
1.5074
3.0193
2.48
0.622
0.077
1.1411
2.3117
1.7269
3.0052
1.9494
3.9956
1.0108
2.0962
0.636
2.7278
1.0532
2.752
0.4052
1.4996
1.8365
2.1499
0.9489
3.8508
3.8292
3.1394
3.2801
3.93
3.4821
2.7298
2.8976
0.366
2.0646
1.9057
3.2612
1.7583
2.0029
2.0414
1.1853
0.0815
3.6146
1.8727
2.8715
2.1336
2.9208
2.7859
2.7304
3.4783
2.1084
2.0439
2.0765
2.2269
2.8169
0.6014
0.9768
2.5077
3.1108
2.8878
1.1043
1.966
2.1192
0.642
2.621
3.2068
3.4855
0.4975
3.602
1.3292
0.1954
2.5523
3.4412
0.0416
2.1976
1.4486
3.6642
1.2744
0.0133
2.2907
3.018
3.7213
2.8827
1.0645
2.8285
0.6045
0.5348
0.2121
1.4452
1.1168
3.8036
0.144
0.1391
0.9966
3.7293
0.7704
0.7031
1.5594
2.875
3.6433
3.1511
2.2569
1.7124
0.4819
2.6132
2.8179
2.0678
0.4496
1.1651
1.954
1.589
2.4498
2.3382
3.3758
3.5866
3.74
2.7948
2.0928
2.9828
3.4927
0.3451
1.1093
0.4381
1.7296
1.0078
0.3687
3.0414
1.3624
3.4054
2.9947
1.4038
2.2162
2.5652
0.6034
3.2224
2.4756
2.3344
2.4374
2.5661
2.5478
0.5385
2.0362
3.4973
3.8345
0.3891
0.3971
0.134
2.2729
2.2442
2.2372
2.0531
3.9976
0.3223
1.9575
0.0956
0.5096
2.8107
3.7326
3.9734
3.7558
1.3118
0.2368
3.8924
2.7899
1.8694
3.1441
2.0363
2.7647
2.4759
1.0413
1.3798
2.6648
3.8844
3.9236
2.6259
3.7425
0.4684
1.2696
2.5119
1.4115
1.6189
0.8801
1.96
1.1206
1.0416
0.2705
1.9151
3.2173
2.0663
1.7775
2.4534
0.5825
2.5344
1.0519
3.7273
0.2418
3.0135
2.5849
1.1737
3.1153
0.9081
2.5025
2.2166
3.9414
3.4545
1.1226
2.2219
3.5726
2.456
3.135
3.4224
0.3419
3.583
3.5349
1.1535
2.1667
1.392
2.155
2.2789
0.1344
0.5061
1.5355
3.0671
1.8486
1.037
3.5748
2.5157
1.5149
0.9479
2.723
2.917
1.5876
3.9051
1.6251
3.235
1.3355
2.4255
0.8344
2.7741
2.4211
0.6873
2.6999
1.7469
2.4742
3.4608
3.4164
1.468
3.1962
2.026
1.7486
1.0549
0.2167
3.8398
3.6641
3.1151
3.3394
0.3371
2.622
2.4145
0.3326
0.5893
0.6498
1.2199
1.159
0.229
2.6632
1.6828
1.1644
3.8682
2.5757
3.7059
2.8775
1.9346
3.0016
3.8005
2.3789
0.1009
2.9848
1.8674
1.0604
1.418
0.9364
3.9207
0.9224
2.2212
2.3745
1.2075
2.8744
3.0649
2.7875
1.6965
0.808
1.4215
3.533
2.9372
1.1177
1.5628
0.5871
1.0809
2.1119
2.3944
0.6997
0.2164
0.4462
3.1871
0.7955
3.09
3.8641
1.6192
2.062
1.5157
3.7257
0.2173
3.4557
0.7607
2.2532
3.3174
2.5516
1.3878
3.3559
3.0991
2.4591
0.6797
2.0033
1.5399
3.5609
0.5845
3.6396
3.1012
3.0405
0.9455
2.8133
0.2324
3.3908
2.1499
2.1579
0.0344
1.9445
0.5496
1.4155
0.234
3.2812
2.5749
2.9685
0.0758
1.3897
1.2412
0.2166
3.0673
0.3013
2.2926
2.9315
0.6022
0.5489
2.0169
3.8881
1.2423
0.8877
0.512
0.5649
0.488
1.6602
2.3923
1.6217
0.0256
1.0865
1.1195
0.0253
0.0852
1.3868
2.0003
1.3961
1.7867
3.5388
2.0613
1.7134
1.9681
1.9956
3.5895
0.0389
3.0639
1.6299
3.8876
3.5024
2.015
1.0367
0.5653
1.8978
1.7078
0.2097
0.3802
1.8081
1.06
2.8724
1.2242
0.0863
0.5597
3.1359
0.5486
2.4
0.2509
0.2862
0.5717
2.3372
1.5826
2.767
0.4512
3.8311
0.5366
3.4145
3.44
3.3101
1.0122
0.0636
0.5672
1.8946
1.0439
2.2095
0.0838
1.7914
1.0358
1.8056
0.7075
2.7941
2.3704
3.7374
1.0927
2.538
3.5595
3.1026
0.9191
1.0332
3.8358
1.4601
3.8346
3.8804
0.3641
2.9507
1.5591
1.4502
3.793
1.3987
1.9273
3.5954
2.8455
1.107
0.3943
3.7335
3.2837
1.1964
0.0475
2.5084
0.9514
3.3597
3.8037
1.0991
2.148
3.5684
1.6073
1.7663
1.7597
3.8075
1.7739
1.1035
1.1329
1.093
1.0206
2.1456
1.5583
3.7863
3.5794
1.5623
3.3697
2.2701
0.208
0.9714
3.1907
1.08
2.3818
3.9078
1.995
3.3208
2.8986
2.4407
2.725
2.5315
1.6399
3.3439
1.6049
0.083
0.2091
3.9902
2.7253
3.0044
0.5706
2.687
0.3704
1.9724
2.3278
0.5173
0.7895
3.0299
3.1433
0.115
0.6634
2.1222
1.3159
0.8384
1.4389
1.3105
0.8352
1.9526
3.2328
1.1209
2.3548
3.9108
3.4701
3.8054
3.3931
1.5118
3.3667
3.0869
1.0767
3.4546
1.078
3.3273
2.4968
0.398
3.3674
0.1667
1.4167
1.9674
3.0025
0.3539
3.5065
1.9285
0.2058
0.9731
1.4648
1.2563
1.7451
3.9122
0.9349
3.6439
1.7852
3.0093
3.2557
1.5331
0.6858
2.2749
1.1649
3.2124
1.7813
1.7618
1.0478
3.52
0.5079
0.005
1.655
1.0381
1.5955
1.202
0.5217
1.2592
3.7481
0.508
3.7653
0.6268
0.625
2.3234
1.2302
1.6264
3.4135
3.0404
3.6891
3.1332
0.4909
1.0672
3.0355
1.3443
3.2194
0.0863
3.444
1.3709
0.5436
2.7266
0.1808
3.2819
0.8507
0.327
3.6306
1.4962
3.3856
3.2278
3.0096
1.6295
1.6078
3.4853
2.8264
3.2098
0.0328
1.1976
0.7066
3.5296
0.6679
2.628
2.4669
3.8722
1.0302
0.5281
2.4934
0.8668
0.9775
1.4479
2.5331
2.4802
1.5456
1.7426
0.9639
0.3558
2.68
1.9323
1.3909
0.5533
1.1348
0.7175
0.6354
0.3808
1.5974
1.1438
0.1491
1.7063
2.645
2.7521
1.4649
2.1161
1.2741
2.0507
3.9907
2.8436
2.1541
3.8675
3.1659
2.3582
0.0855
3.8961
3.766
3.1726
2.8684
0.6037
3.5323
3.0913
1.3178
3.7108
3.8516
1.2409
3.5624
1.5496
1.343
2.7769
0.8007
0.203
1.5164
1.5632
1.1848
0.5737
3.5326
1.9924
3.6289
1.9416
2.8922
1.36
3.1015
2.3957
0.4391
1.2166
2.6101
2.9577
0.9267
3.3788
2.3201
3.3065
0.7622
3.848
1.4595
3.9673
2.4345
0.4137
2.0165
1.2061
1.5796
0.3308
0.8663
1.2831
2.0465
3.7039
0.7908
3.5582
0.4923
2.6667
0.4685
2.4686
2.3779
2.7837
0.5319
2.524
1.2527
0.0672
2.2928
0.336
1.6814
1.8414
3.8502
2.6453
3.3185
1.1126
1.3961
1.5177
2.8431
1.5609
1.9106
2.1226
0.5546
0.3007
3.9348
3.744
1.0812
1.1389
0.928
2.8104
0.4399
0.8679
3.9412
0.2718
2.1736
2.0196
1.2248
0.3761
1.1299
0.4542
0.8722
2.012
3.5851
2.6304
2.9117
0.4985
3.0539
3.6627
3.5815
2.2226
1.1656
2.0834
3.9156
0.2173
2.1097
0.1903
2.1095
3.5643
1.9519
2.8325
2.7068
1.1145
2.358
3.3633
0.2131
3.2565
0.6163
1.3287
0.6727
2.7236
2.9213
2.7379
1.6066
0.7593
2.9641
1.9121
2.2724
3.593
2.0443
3.4165
2.1683
1.649
2.2443
2.6018
2.7328
1.2069
2.5792
1.9894
1.5012
2.1769
0.2242
0.4716
0.7004
0.8633
3.9516
0.8673
1.4452
3.4615
1.4259
2.0918
3.0954
1.4766
0.7235
0.4469
2.3701
2.5876
1.2455
3.2331
2.5591
3.9038
2.8006
2.2562
0.7041
1.2676
1.0116
1.0216
3.7622
1.5229
3.0463
2.6093
3.4417
1.5872
1.8849
1.2734
3.1366
1.7085
0.7755
2.4163
2.9205
0.4449
2.777
0.8738
3.1924
0.4574
1.1877
2.3514
1.0951
2.2839
3.2575
1.8531
0.9026
0.7111
3.2101
3.178
3.1733
0.5204
3.7597
0.5347
0.6502
3.5807
2.9065
1.3382
2.3941
1.1738
2.1451
1.5025
3.9283
0.7572
1.2682
3.9947
0.5873
1.2337
1.2911
0.6317
0.5356
1.6178
0.3155
0.2141
2.8543
1.0997
1.0634
3.8397
1.471
3.0809
1.6665
2.3465
3.2171
1.8178
1.688
0.7214
0.2173
1.5778
0.3275
0.8047
2.6876
0.985
0.9943
0.3667
0.4967
0.837
0.4548
0.4064
1.2739
3.7566
3.7743
0.4056
2.0369
3.1416
1.7321
3.5799
1.7731
3.048
1.9238
3.5724
2.4505
0.3673
0.3393
3.489
2.2483
2.382
3.4462
0.3533
3.5021
2.2528
1.9186
1.3503
1.6644
3.7764
2.3306
1.0902
3.0904
2.0131
0.2274
1.3949
2.8304
1.2675
3.6052
1.6695
2.749
2.9961
1.8777
0.5383
0.2976
2.198
2.814
3.3507
3.0672
1.7844
3.3631
1.136
2.6523
1.7006
0.891
3.6423
0.1755
0.9216
0.5808
0.4822
1.0222
3.0629
3.3013
3.7139
2.0002
3.8822
2.6074
0.2733
3.2882
1.3082
0.0024
1.2178
3.5326
3.4141
1.2819
2.1604
1.768
0.7526
0.9103
1.7155
1.0296
1.1434
2.3465
0.4327
2.1845
0.19
1.0804
2.5295
0.0291
0.6299
2.6094
2.7834
1.6097
2.8451
2.499
0.2563
2.8819
3.721
2.8219
0.0356
2.4325
1.3109
3.8842
2.8143
3.7219
2.125
3.833
0.458
1.0288
1.6502
3.6856
0.8503
3.6868
0.9012
3.1189
1.1578
2.2362
3.5848
1.3902
1.0306
0.324
2.3807
2.2594
2.6138
1.7646
3.9908
1.091
0.8685
3.3705
3.4112
0.411
2.5932
1.6876
2.6929
0.2241
2.8584
1.3097
2.1327
3.648
0.6865
2.1543
2.3025
3.3256
2.6908
1.2535
1.5275
1.29
1.9408
0.5725
2.0417
3.1624
1.2066
3.0164
0.1222
1.3416
3.6061
1.8269
1.0341
2.6385
2.971
1.9816
3.1746
0.6234
1.9852
2.504
1.095
3.2331
0.6212
0.892
2.1826
2.5324
0.0456
2.5868
3.6639
0.7469
3.673
2.5606
0.0768
2.4507
0.1
1.0893
1.0316
3.1159
2.3343
1.2525
0.7945
2.5849
0.9591
0.4566
0.177
2.7679
1.6616
1.507
0.2761
3.5683
1.1832
0.2278
0.7827
3.3174
3.8724
0.028
0.86
1.4087
2.1758
3.3452
3.8114
3.054
2.5355
2.0494
2.6695
1.9955
0.3791
3.8167
2.8797
2.3816
2.3581
3.5853
3.7587
3.0976
3.7354
2.4821
3.14
3.5925
1.4121
1.3174
3.5401
2.856
0.6139
0.9336
0.469
2.8265
3.5763
1.1389
2.7359
1.1112
0.5084
3.0775
1.532
1.6186
0.0557
2.3706
3.6869
3.1295
2.5822
1.2044
0.8999
2.6651
2.3201
3.3164
2.2555
0.8539
2.49
0.2882
3.6839
2.8338
0.2134
0.598
1.1137
3.3575
3.1712
1.407
3.9538
2.5188
3.4159
3.0481
1.0892
0.9942
1.0208
2.1996
2.2178
1.8193
0.9701
1.0612
3.3157
0.281
0.8513
3.8581
0.6284
1.9577
3.8741
3.2186
0.9481
3.8389
1.6244
2.9118
2.634
0.5372
0.6547
2.9752
0.8186
3.4264
0.003
3.6123
2.1126
3.0838
0.8404
0.7903
0.5152
2.4547
1.1966
1.4954
3.2019
0.8859
3.3871
2.6592
2.0621
0.3324
3.0203
1.5485
1.3496
1.7378
1.2348
3.3202
0.2145
1.4131
3.2862
3.2508
2.7025
1.0438
2.3138
2.9387
2.5262
0.9743
1.529
1.6222
3.9178
3.3087
1.5796
2.9468
2.2065
1.3696
1.202
0.5521
3.3468
0.2524
0.6276
0.1304
3.9818
3.1589
2.909
2.9018
1.9415
3.2371
0.0609
1.0527
3.9932
1.3497
2.9253
2.976
1.9876
3.5725
1.4515
2.1138
3.7453
2.1291
0.6216
1.206
0.4013
3.6613
0.7903
2.0558
0.7309
1.1963
0.4275
1.0842
3.2624
3.1511
1.9283
2.9622
0.5566
3.807
3.1297
2.842
1.0002
2.2246
1.3885
1.9149
3.2481
1.1438
0.1948
1.5496
0.3963
3.7892
3.2132
2.5332
2.5755
2.7411
0.118
2.8306
0.8832
1.6783
0.6255
3.9001
2.3833
3.2575
3.2574
0.4272
1.7127
1.5584
1.13
0.5382
3.998
2.2764
1.5659
0.3332
3.6725
1.4914
1.7052
0.5275
1.7684
1.3034
2.2392
3.6835
1.0523
0.578
3.6709
3.1944
0.4049
2.8591
3.0838
2.259
1.7847
0.6121
0.0879
0.3857
3.0439
2.8683
2.7286
3.1694
3.2448
2.2658
1.8827
1.0265
0.2807
0.9931
1.6731
3.1402
0.7363
1.4999
0.0564
3.9781
2.0525
2.2104
2.7767
2.2158
3.2604
0.0109
1.0502
0.0915
3.834
3.086
0.7771
2.4015
1.8811
0.129
2.8343
0.0273
3.2289
2.4645
2.774
2.3431
3.9063
3.6615
1.008
1.0231
1.7041
1.8752
3.5102
0.4468
0.1956
2.4405
0.4581
2.5458
3.858
3.928
3.9266
3.6934
1.4063
2.8573
1.7128
1.4831
3.4983
1.1497
0.5288
0.2282
2.9253
2.0391
3.7139
0.082
3.9203
1.118
1.3554
1.2354
3.0126
1.3996
2.3385
3.1153
1.3562
3.3537
3.4467
3.1014
1.1769
0.009
0.3472
0.9307
1.7342
1.2838
1.0446
1.4841
1.2028
2.9023
1.3424
0.8591
0.6729
0.6641
3.5911
1.7248
2.8413
1.6873
0.2948
2.5819
3.2011
3.0365
3.2956
3.6296
3.6768
0.3506
1.341
1.5276
3.672
3.4179
2.9369
0.924
2.9503
2.844
1.9028
2.7693
3.1054
0.7054
1.0738
1.3157
1.3784
0.1845
3.2514
2.874
3.6272
0.7982
0.093
2.7682
0.5684
0.3352
3.9179
2.9695
3.1986
2.2874
0.5556
0.2591
1.1844
2.6758
2.4755
3.3267
2.9227
0.0501
2.2988
0.5882
0.8577
0.134
1.6872
1.9109
0.6053
2.0045
2.0678
3.8735
0.1732
3.9439
0.8435
3.9538
2.7355
1.7482
1.1055
2.6686
1.4569
1.7806
0.5164
0.9546
0.713
0.9813
1.0089
2.5194
1.3938
2.1223
3.9872
3.3337
3.7843
3.8826
1.661
1.2305
1.1788
1.0299
2.0675
1.44
0.4068
0.3867
2.6985
3.7115
2.6696
3.0423
3.8464
2.2414
3.9572
2.4533
0.9284
0.8363
1.3898
2.351
3.1639
2.3885
3.1607
2.2402
1.1451
3.5693
1.2858
3.7842
0.4665
2.2848
2.5914
3.8838
1.7249
3.3724
1.6307
3.6923
2.0735
3.192
0.1586
3.1517
0.0462
1.0276
2.3592
3.1854
2.1674
0.7968
1.3116
3.6692
2.2003
1.3722
1.1045
2.6349
1.8129
2.4595
2.4912
3.7493
0.6676
3.4692
3.2809
1.6611
0.73
3.0269
2.96
3.848
3.0904
2.1432
3.1398
3.1466
2.1572
3.4208
0.9612
1.5809
2.8555
1.8689
3.2628
3.345
1.8636
3.9734
3.133
3.4749
0.7183
1.2232
0.6786
0.5495
3.1572
2.2832
3.4257
3.3654
1.0937
3.859
0.0802
2.0324
3.2589
3.8464
2.7215
2.4879
2.3331
3.0407
0.641
1.3326
3.9403
3.1649
0.6213
1.5062
0.2411
0.9284
1.3154
2.8328
1.188
1.915
2.8852
3.1854
3.8856
3.8475
1.7222
3.2705
2.3303
0.5466
3.6249
1.8431
1.9252
0.5978
2.8693
0.4793
2.9221
3.511
1.8792
3.3784
0.2996
0.7778
1.5466
0.3213
0.5313
1.6553
1.7064
1.1271
0.7352
1.7463
2.3612
2.5083
2.2271
1.9755
0.0379
3.3995
0.7809
2.3471
3.6012
0.3296
1.9125
0.4923
2.638
0.0179
2.9739
1.6468
0.645
1.5816
3.7236
0.7972
1.8739
0.968
3.1373
1.8033
0.7004
2.5326
0.3144
0.8089
3.8647
2.9387
1.2345
2.5897
0.3077
0.3095
2.6766
2.127
1.6936
1.2264
3.2818
0.6804
0.3702
2.1722
2.8226
2.526
3.7574
1.3417
2.5262
2.244
1.2092
3.7471
0.8128
1.5734
2.0648
1.6987
3.3279
1.9658
2.6938
1.1931
0.5719
1.0084
2.1468
1.9739
0.2506
1.4465
0.7687
0.9191
0.9558
3.1175
2.8683
3.2076
1.1727
2.0411
2.5448
3.1481
0.127
3.1392
2.3577
0.2033
0.722
1.6131
1.203
3.3174
2.2496
0.6808
1.2581
2.7267
2.3702
2.6671
2.803
2.0828
2.3875
3.3667
0.9154
1.9456
0.7946
1.2452
1.0765
0.9825
2.9947
3.3711
0.7304
0.6261
3.0401
2.0686
1.8331
1.1371
0.2843
1.3914
1.021
3.7249
3.6366
3.8295
0.2538
0.4638
1.6269
1.769
1.9296
1.885
3.423
1.6031
1.68
1.3958
1.7328
0.0409
3.1031
2.9405
3.8257
3.9783
3.1242
0.8058
3.3148
0.89
2.0961
2.9356
1.2964
3.8787
2.3992
1.3961
1.9883
1.826
0.1061
0.4915
2.2157
0.7003
0.7807
1.4159
2.2755
2.1725
0.7289
3.4078
2.0623
0.5127
0.6163
0.0295
3.3745
0.7858
0.2559
3.8605
3.9849
1.7979
2.9833
2.1333
2.0271
0.4167
2.3494
3.8815
3.4879
2.5927
2.6855
1.9303
2.9655
3.1908
2.8594
3.3315
1.4398
2.9845
0.9904
1.5634
2.3827
2.9735
0.9319
1.3281
3.9824
3.509
3.8562
0.1099
2.9431
1.5295
3.1478
1.3163
0.0897
0.5555
1.6351
0.8709
0.9666
0.2277
0.055
3.4091
3.2646
3.9357
2.5188
3.2921
0.7314
1.5846
3.5686
2.5121
2.822
1.1757
2.1188
0.9901
1.7425
2.8789
0.4527
3.7547
1.2642
1.7564
3.1912
2.4258
3.9492
1.5773
3.1915
1.8761
3.9111
0.4717
2.6032
3.2104
1.1703
1.15
1.0727
0.0354
2.3498
1.3604
0.7544
2.711
0.2843
3.0375
3.0191
2.6378
0.0022
3.4947
0.8625
0.2143
3.975
2.8693
1.0385
0.5613
1.0007
3.4531
3.1427
3.4253
0.9135
1.5664
2.0209
0.2293
3.2342
2.3331
1.5431
1.2395
1.4839
2.2358
2.8702
2.8631
2.5769
3.5642
2.3424
3.2602
2.4412
1.3376
2.1467
3.8466
1.5521
0.1604
1.5964
3.4604
2.0387
1.5203
1.2996
1.5224
0.6095
0.5404
2.3535
2.6326
1.3034
3.9086
1.4116
2.4481
2.2663
1.0162
0.4358
1.921
3.723
3.569
1.6418
0.8112
2.6077
0.2797
1.8487
2.4467
0.0541
0.2992
1.4209
3.3177
3.5977
0.1599
3.9568
2.8585
2.3892
3.0808
0.8078
3.1231
2.3011
0.8573
2.5615
0.5173
0.9505
2.978
0.223
0.1888
0.0838
2.3937
2.2213
1.1811
2.1807
2.3114
0.7659
0.1913
2.5136
1.8644
0.6077
2.4168
2.424
0.9693
3.9128
1.8506
3.0168
3.0312
0.3571
1.2799
3.0565
2.5196
2.3063
2.3276
2.6029
1.1026
1.4401
1.8194
1.4141
3.2596
3.3821
1.8899
1.9964
3.1319
2.5187
3.487
0.1562
0.1303
2.3252
3.1611
0.1873
0.1849
0.4163
0.1092
1.0918
1.1195
0.2272
3.3653
3.0321
2.7738
0.6723
2.8152
3.2303
2.3951
1.699
1.835
0.3236
1.1848
0.8341
3.0001
0.2532
2.3462
0.6792
0.9572
1.9951
0.2695
2.2285
0.4479
3.2675
3.521
0.8256
0.3042
1.5928
1.3299
2.9629
0.6697
3.4086
3.0269
1.631
3.5521
3.6636
1.6917
2.2763
1.7882
1.2626
0.3561
2.8949
0.3609
1.2378
0.425
3.5453
1.6357
1.0919
2.1307
2.9096
2.5243
0.6289
0.7192
0.9688
3.4807
1.9851
3.1405
1.5871
0.8631
3.9463
1.9122
0.116
1.9872
1.0197
0.9655
0.7434
0.6524
0.388
2.732
0.8325
3.6543
0.7652
1.3563
0.3948
3.3951
1.8841
3.3155
1.2496
1.1689
0.1744
1.3634
0.8076
2.8439
0.4987
1.3025
0.174
2.5488
1.6139
2.7994
3.4974
2.7889
3.5722
1.9222
0.8031
0.5635
3.9316
3.0797
2.9069
3.43
2.6046
2.4616
3.251
3.259
0.4035
0.0082
1.213
2.9989
1.2445
2.6167
2.781
1.0463
2.7076
1.412
0.0895
1.6308
3.7643
2.3102
1.3163
2.2059
2.3915
2.0371
1.3101
2.5968
2.8302
3.0155
0.068
2.3561
2.1452
3.394
2.3126
2.052
3.47
1.6834
0.2607
3.006
1.1743
0.131
3.526
1.6478
2.8084
2.2565
3.8055
1.5687
1.0214
1.8753
1.6737
1.7539
0.705
3.9178
2.0161
0.8089
1.4373
0.0416
2.0875
1.6578
2.3977
0.721
3.0113
2.0999
2.4159
1.3182
3.0667
0.2512
3.5514
2.9427
0.5502
0.9684
3.9944
1.4995
3.3369
0.9089
3.1946
2.9297
1.1221
3.0051
0.6957
3.3944
0.061
0.2687
1.502
1.2076
1.1506
1.7899
2.0393
1.104
0.4773
3.1139
0.7009
3.0879
2.9255
0.1447
3.1167
3.9224
2.8885
0.555
2.8883
0.2233
0.0939
0.9018
1.9582
1.9753
0.2126
1.9958
3.2148
1.5882
2.5086
0.597
1.2175
2.4378
1.6387
1.9168
3.3366
3.0535
2.0864
3.1353
0.1782
1.124
3.3773
0.1403
1.846
3.6962
1.8214
2.4086
0.063
2.1403
3.6456
0.06
0.9341
0.9891
1.4046
1.7664
1.3296
3.0356
1.6638
2.0387
0.1868
0.3891
3.4052
1.1073
0.666
3.4834
3.8472
0.1559
3.1584
0.8985
1.7963
3.0542
3.7098
3.7685
0.4359
3.9864
3.0537
3.1233
0.1531
2.2303
1.218
0.4607
3.4858
2.7546
0.8964
2.0012
3.3499
3.9529
1.7048
0.9815
2.708
0.1505
0.7103
1.3346
2.1806
3.4278
1.12
1.5541
3.219
2.885
3.8337
3.8833
2.8008
3.3536
2.0101
2.6872
2.5888
2.67
1.0736
1.5126
3.0178
2.3775
1.3231
0.1354
3.5003
0.4017
3.5257
0.4722
3.5285
0.5739
1.2394
0.7752
1.1164
3.887
2.068
0.5249
0.6152
2.3818
3.6359
1.0677
0.861
3.9526
0.2503
1.6337
3.9303
2.7834
0.4895
0.7305
0.3976
1.4581
3.6372
2.5481
0.3573
3.7524
0.304
2.1826
2.4387
1.3637
3.7516
2.7066
3.0652
0.6968
0.1352
3.2492
1.56
2.6573
2.8165
2.1
0.3239
3.6882
1.2405
2.9264
2.8966
3.8406
0.7115
3.1448
1.4061
2.2126
0.7933
1.7093
2.8345
2.046
1.0314
0.0928
0.5289
1.6232
3.3375
0.1735
3.6819
2.5687
1.7996
0.6827
1.6035
2.9223
2.6599
3.1916
0.6054
2.1765
0.4007
1.3912
0.0709
2.5014
1.0277
0.8067
3.2673
1.15
3.9529
3.5355
1.8701
0.3398
3.4989
1.105
3.6202
3.1496
0.8668
1.6419
2.1462
0.9813
3.6257
3.9245
0.3966
1.0871
3.9081
0.8166
3.2125
3.8384
3.7234
3.7569
1.6604
3.9223
3.1415
3.1852
1.4501
1.1446
0.4938
0.357
1.4185
0.839
3.8605
3.1688
0.621
1.8636
1.6209
1.8921
1.8634
2.4562
2.0172
1.5399
2.9802
2.5684
1.9148
3.6076
3.7107
1.209
1.6479
0.2713
0.1906
0.6733
2.8812
0.8267
2.5108
1.5592
0.0946
2.9089
2.1566
2.4419
1.2892
3.9089
1.0544
3.7745
0.4938
1.9687
2.0732
0.3151
0.2729
3.7313
2.6209
3.2382
1.1805
0.8134
0.3661
0.1375
2.2523
1.1333
0.7787
0.0847
0.9126
0.6243
1.2223
0.3921
3.5859
1.6806
3.972
3.7135
1.5287
2.4437
1.4201
0.0193
1.295
2.301
2.8733
3.5219
0.1225
0.7809
1.1762
3.7454
1.6677
3.4283
0.9509
2.4949
1.8798
2.7922
3.3758
3.9774
0.0228
0.5448
1.3514
0.6447
0.1655
0.3533
2.7779
1.3321
1.5715
1.4155
1.9588
1.1693
1.4569
0.9043
3.3484
0.4742
3.3639
3.8851
1.5431
3.7147
0.2404
0.1303
2.9657
1.5144
1.9818
0.3953
0.9715
3.6381
0.252
3.0274
3.2189
1.84
0.0307
0.6477
1.936
2.6574
2.4219
2.8196
3.2378
2.5256
2.2699
1.4082
3.6401
2.3294
2.9465
1.8744
1.7177
3.9534
1.6258
0.1486
1.002
1.5735
2.0661
3.7676
