13.0
4.0
204.0
89.0
85.0
24.0
203.0
160.0
107.0
215.0
382.0
348.0
343.0
191.0
395.0
187.0
101.0
242.0
26.0
204.0
346.0
161.0
289.0
45.0
399.0
207.0
32.0
176.0
176.0
93.0
167.0
138.0
396.0
59.0
102.0
236.0
372.0
142.0
25.0
95.0
116.0
30.0
263.0
172.0
191.0
278.0
5.0
305.0
58.0
150.0
85.0
244.0
245.0
311.0
285.0
2.0
197.0
48.0
108.0
71.0
24.0
391.0
201.0
311.0
112.0
345.0
362.0
283.0
44.0
193.0
6.0
240.0
281.0
157.0
165.0
43.0
396.0
92.0
356.0
396.0
42.0
318.0
95.0
110.0
325.0
274.0
194.0
276.0
268.0
231.0
185.0
363.0
285.0
12.0
167.0
264.0
194.0
216.0
358.0
128.0
