13.0739
6.184
26.2333
0.8219
2.6856
14.8813
0.8045
4.0621
23.6652
21.7917
0.1309
25.0088
7.3172
22.5375
17.1955
8.8929
23.6964
3.4116
2.465
18.4945
11.4388
29.7999
2.1749
13.4053
5.3901
6.3527
31.7295
17.7227
28.8524
11.4016
13.0196
6.7981
21.5251
26.8501
5.8522
27.9845
21.8313
23.535
7.0964
9.0488
3.3689
7.3582
19.0516
16.3541
31.0454
21.2308
22.7126
30.3181
27.1639
18.3116
6.8458
31.7091
29.7513
24.9864
11.8741
25.9058
19.0439
19.5815
15.7759
22.7567
21.4476
18.2282
29.208
28.9416
23.1116
16.0254
7.3494
2.5293
2.0684
4.3128
19.4577
16.8788
1.0425
20.4781
23.7847
12.2764
26.7369
0.0982
22.4202
18.7381
24.9431
21.9337
6.5766
9.432
21.8274
0.3879
25.964
25.0404
11.0693
9.3631
25.4723
18.0034
30.4017
6.5527
17.0836
20.8726
23.5558
27.2181
21.0048
8.6116
31.5055
12.8521
26.669
11.4739
27.0552
4.4092
20.7643
2.6435
23.1251
1.2722
10.2869
9.9444
21.4343
0.5858
4.7203
27.9731
20.6274
7.1867
5.987
8.7128
24.2015
22.9991
30.0825
29.6904
27.55
1.9842
12.7136
6.2353
5.9298
10.2949
12.859
26.0048
31.7943
12.9653
23.0238
24.2204
26.8837
8.1097
9.1492
26.1413
4.8927
6.3864
23.9758
13.8639
20.9497
10.6422
21.6911
12.6967
30.0313
2.506
4.4783
18.7895
25.1643
11.2895
14.3494
5.5263
9.1951
12.4927
20.9399
16.4181
5.1044
0.4008
18.0316
3.1161
22.1761
1.3274
15.65
19.8038
31.0023
2.6449
31.4566
28.5155
22.508
25.3459
1.7187
13.9272
31.8281
19.678
1.6906
22.4315
8.2612
27.4685
6.4275
7.4858
23.1604
27.057
0.8952
17.2932
9.2855
11.4818
24.8891
31.8179
23.1186
12.8263
0.9057
31.5881
14.3529
13.7745
31.7566
11.9908
30.8717
11.1598
11.1143
25.1327
7.7886
8.2526
2.5863
19.5385
17.1391
20.175
30.1276
6.543
6.2019
25.325
23.7842
6.8913
4.5548
7.1887
26.0415
5.4775
6.9554
20.8132
4.1665
13.805
31.9736
5.3611
4.9678
17.523
29.9208
21.721
24.9673
23.1357
31.7833
30.8496
6.5988
24.7148
18.7379
10.1006
5.8904
30.3188
22.4397
29.4311
19.9639
5.4474
1.7435
23.0269
11.0264
20.2165
16.0843
9.295
12.2093
9.818
16.8258
23.0585
31.5048
26.0094
14.742
31.8323
4.0899
15.5806
31.6219
31.2965
3.1031
4.5089
28.5419
11.4746
3.7857
14.2919
24.1665
29.1154
30.1347
1.2036
2.7933
16.8156
9.8673
8.3564
0.0971
5.3503
17.7493
18.5533
11.9081
15.7126
4.8465
7.9646
31.087
28.2408
14.8351
30.9949
26.9013
21.4477
12.8647
5.0924
30.7699
18.4171
31.2491
13.6681
10.8924
29.8079
3.8191
5.9192
2.2496
10.8218
22.8244
12.9011
15.1476
1.3142
16.313
17.2539
20.9291
6.6118
9.6674
26.6002
15.5082
31.0826
16.4008
4.4144
16.1922
28.6646
4.4867
1.3751
15.9131
6.1808
26.3194
14.3496
8.623
22.396
31.1199
18.116
18.0121
18.5397
27.5122
10.55
15.1461
20.0792
12.1393
8.5653
20.8288
14.5616
25.3957
27.7047
21.4766
6.7405
5.6986
27.967
21.3425
13.4776
15.4106
24.0953
2.9776
5.4848
17.7713
31.8153
4.8108
14.13
29.8335
7.5743
28.8897
9.3587
1.7126
13.3231
17.0136
27.4567
22.7635
31.9703
31.0257
21.303
29.3326
30.2544
30.8524
1.0652
11.9522
27.4123
27.5353
30.3622
29.9118
12.2947
22.3688
8.35
20.8516
1.559
28.2284
3.6529
1.4212
9.1289
2.0748
14.0131
31.7213
15.7709
15.3033
9.8577
19.9767
16.094
2.7754
26.0872
1.195
12.9165
26.842
3.297
2.7169
18.2054
9.8973
25.8246
13.7524
13.3192
16.4609
18.5122
27.9453
5.4377
16.8643
23.4609
15.1897
5.8898
9.854
14.5115
19.5167
6.3302
5.154
0.1809
6.0733
25.5248
19.397
12.4491
19.0746
20.4407
15.8876
21.2743
31.6789
3.3543
25.2337
19.2007
25.9165
29.483
28.0501
31.9151
22.1257
19.3684
2.8964
29.2315
15.6983
17.9848
8.1292
26.5569
18.9814
27.6684
29.666
3.8025
19.503
5.9662
7.9956
29.4782
18.5852
1.3369
4.1829
3.2481
5.7967
10.3071
17.2939
2.8082
8.9498
14.7086
18.5596
16.2597
23.8529
15.5762
16.685
1.8871
4.3467
16.2019
10.7446
17.0571
13.3419
2.6055
17.4737
20.0828
12.2698
22.7597
15.0486
15.475
0.6074
8.3946
0.6653
27.9902
28.3485
20.5247
9.4914
3.8966
22.9057
13.4206
10.3469
12.1242
19.498
15.3369
25.7909
13.3138
22.5163
7.3474
21.5951
26.9367
14.5776
26.5692
29.2556
12.4923
16.4746
28.1987
7.1803
7.2407
16.787
23.2323
23.9797
27.5547
20.9849
13.7159
1.5474
12.3825
30.226
11.5682
5.5873
3.787
3.0509
1.1388
2.0115
13.1716
22.3036
6.8033
12.8914
23.287
28.9447
28.4598
20.0422
16.6721
9.0039
31.2051
27.9287
30.2032
26.2355
9.1625
3.3537
26.7603
7.2499
19.3542
31.9946
31.0784
11.8433
16.3072
31.5788
15.3267
22.9029
22.676
22.2899
17.9666
7.2081
11.5702
30.7254
16.3708
10.6977
25.4818
7.9334
30.8022
12.5219
24.6995
0.4041
26.6571
17.3506
14.331
31.0685
28.3693
28.3201
8.58
24.9452
12.9918
29.8239
14.9625
9.9148
16.1253
21.0972
16.2607
16.812
23.2621
20.4418
11.8927
23.0933
16.8079
28.2055
26.2649
17.1083
17.794
12.9186
15.3943
0.6641
13.193
21.2422
19.8052
2.4897
8.8664
5.5351
8.0213
26.4787
2.602
4.4156
7.3599
26.1369
16.5996
7.999
2.5427
4.2152
20.4565
10.9601
31.7424
5.0596
8.6073
9.5058
24.4548
22.1333
8.0042
20.834
13.0476
17.6201
7.5627
27.8819
7.7974
15.4707
12.2053
28.8843
23.6822
16.8788
8.9322
29.8271
12.0123
17.8322
2.3216
25.6218
9.2241
11.4058
5.3617
30.3867
20.5876
12.8019
21.9695
16.6284
22.7777
16.9359
3.8773
8.3032
4.0497
20.5315
9.0938
16.5924
24.8949
23.6193
17.7728
30.6257
3.6168
29.6336
4.8774
4.0765
17.9097
23.7588
14.4033
7.2616
0.477
19.4872
10.5722
14.4557
1.5142
25.9715
6.1484
28.4778
16.6838
20.4131
5.0868
14.197
3.2124
26.8893
5.634
27.3629
22.3862
17.3716
9.2586
25.3897
3.5975
12.8285
31.8782
25.0873
22.95
20.9525
0.4601
29.207
25.5428
15.2716
3.2868
11.7021
6.5874
27.7671
16.367
9.1565
31.3912
21.194
20.6092
19.6032
12.5588
30.1156
26.2493
28.3685
0.6996
30.0069
6.8641
9.2489
15.6515
25.1943
31.0394
8.6026
16.9459
26.1679
29.9894
21.825
31.5686
15.3719
6.1916
23.0387
12.7024
5.7247
2.1027
8.466
24.8761
0.5949
3.224
4.0637
21.69
11.0131
10.7006
3.5056
18.3219
13.094
9.4145
11.6649
4.8519
17.1151
30.6056
12.7522
17.185
21.0822
10.0405
14.3883
12.0973
15.9014
3.7157
15.0645
27.1321
23.9053
2.1975
7.803
4.3883
9.3763
7.08
19.6201
6.4116
6.2331
10.7203
19.1268
8.6559
25.4839
12.4388
5.7859
9.4411
6.0791
27.0346
15.6115
4.1207
27.1
1.0963
4.799
9.7786
11.0247
29.0397
29.0707
24.9176
21.9653
30.8334
5.1662
25.185
2.391
30.722
19.3081
20.465
0.3308
19.305
8.2756
5.2147
25.2583
16.4736
0.363
27.5267
19.3908
1.0803
20.7124
9.7188
11.1336
16.1013
19.6642
26.2624
12.9067
8.3414
23.8431
17.2814
20.942
15.3665
9.7467
13.5537
12.9684
18.0325
23.0958
14.9445
13.9644
18.7464
22.7537
30.9104
31.2643
14.7209
20.2169
17.7723
15.179
3.8543
24.4082
4.5222
16.5778
7.4227
18.6486
8.2242
4.4582
16.392
31.6935
20.6494
29.0014
3.5369
7.367
14.1535
13.6276
12.6437
13.5948
7.1233
6.4038
17.2168
23.6399
9.5166
22.2415
22.0945
1.9996
25.2127
4.1183
12.0985
29.6233
13.4546
29.1333
0.9087
28.6008
16.3295
15.1515
28.0116
9.7664
15.089
1.5176
29.2274
5.9787
24.2478
26.1306
30.7093
2.0698
0.5128
4.7718
23.384
5.9714
17.9156
22.9524
13.6237
23.0737
22.9709
29.6839
16.7654
23.0951
6.9986
6.9202
9.187
30.0848
23.226
24.2718
27.5728
1.8718
5.4467
5.6922
17.4641
21.0005
24.2315
23.5207
26.3449
2.9989
5.5464
4.4852
28.1196
21.2171
0.8564
11.1603
26.3675
0.7777
0.5052
27.8636
8.187
16.1739
8.4028
29.2772
10.7168
6.6117
23.6123
7.1133
30.0954
23.5221
17.4154
9.9712
2.9332
20.4397
23.3476
16.9173
3.8044
23.6526
4.0624
27.0662
29.7675
26.8145
18.7141
28.7002
25.3446
0.8262
5.0373
18.8888
7.8415
16.4762
0.9716
11.1942
23.4286
15.4169
20.1677
26.7202
6.2779
12.3563
8.0926
23.8329
4.7118
2.882
28.6028
9.6239
7.9648
25.1691
2.2047
8.3694
6.9242
16.8396
22.9212
27.3263
26.2844
11.6888
30.5172
29.1426
7.9829
19.5332
19.9369
17.4647
2.383
6.6604
12.2368
3.702
31.842
7.43
6.2544
2.1243
31.0166
10.5177
23.0512
27.7343
10.6136
9.4458
28.6586
24.1531
24.2841
2.8217
12.436
15.9145
7.9021
18.7264
26.9516
5.8805
13.8411
22.945
20.8226
22.1817
18.6034
31.018
11.5688
20.909
20.887
22.5247
6.2742
10.5824
30.6526
4.9667
1.9863
22.94
22.5536
30.7572
15.8838
29.4426
25.3642
8.2367
17.9919
21.3433
12.9148
31.8721
7.3701
19.2612
21.0239
21.1936
25.0979
10.3371
23.9883
7.1141
22.1889
29.983
9.5945
23.4957
3.9978
26.5129
10.0845
31.6669
31.7903
15.2467
28.4925
19.9153
22.8844
15.5854
29.8973
2.9024
0.8542
30.4927
5.861
31.2462
14.1569
7.8352
24.8876
18.8311
16.5513
4.4021
10.0781
8.7055
10.5392
16.4002
8.0082
29.5674
10.477
27.313
29.2306
3.9263
0.0925
0.1454
22.3196
10.2313
19.7846
24.1003
5.8601
23.3102
24.8186
8.6279
21.7305
14.9688
9.8282
26.7018
27.3993
1.0707
24.2199
25.1231
30.5114
16.1343
5.9022
22.0658
3.7432
10.3874
2.8781
1.7056
1.93
4.8586
10.2481
25.168
29.3133
21.8316
11.3881
19.8568
28.9198
18.1228
29.9205
27.5052
4.5065
28.2143
25.946
13.5988
15.4511
2.0367
13.4327
1.4295
31.7474
27.1488
9.0943
21.5453
6.7186
19.8587
6.455
8.2487
2.7107
25.767
4.4354
13.2663
1.0751
8.9883
16.6006
0.2838
31.449
10.4763
21.6131
23.7023
1.8546
20.3035
10.8452
19.0893
21.0525
5.6256
8.3178
22.1043
7.8159
25.5616
31.6662
18.5215
25.1952
16.0607
2.6436
5.7758
8.7467
10.6277
0.8413
6.8301
27.3515
10.3186
27.9971
24.172
17.7976
28.7208
31.5778
22.5085
3.23
24.2241
21.5065
26.8975
13.1293
0.4044
1.3612
21.1802
17.5504
23.1714
9.8851
12.1895
10.0203
2.8556
6.1355
31.5554
6.7346
12.5847
24.501
3.8454
17.8137
18.383
27.7359
20.2989
11.17
30.5983
1.7966
21.877
23.134
30.3539
25.31
24.0199
2.1073
9.9103
24.0051
16.6819
21.64
24.11
24.4922
18.71
16.9164
5.5674
2.0981
22.7249
6.3838
3.743
20.5715
28.7399
26.1672
8.5714
10.2459
15.494
25.3142
13.2472
13.8141
6.9556
31.652
19.8558
28.4881
31.8448
20.28
13.0966
11.7517
12.892
26.2313
16.7111
11.2069
2.4665
3.9459
1.6335
30.3291
25.5051
24.5327
12.9479
8.9955
15.0302
8.3854
21.7627
21.1415
23.8218
30.2104
18.2548
15.3524
25.4286
28.5709
7.7771
28.9426
24.6301
26.1299
5.9245
24.3251
6.6088
19.9626
1.4813
31.271
5.8828
10.2508
17.8633
1.0258
0.8108
4.8945
15.3881
8.964
22.7122
31.4116
19.8033
27.6748
12.2253
1.2009
1.5278
16.6537
29.1781
8.0607
6.9275
4.3023
22.0312
14.0187
14.8653
20.878
10.609
0.026
18.2571
23.6069
14.664
11.4389
11.3291
20.9409
26.6953
14.4747
4.2736
22.4349
12.802
10.3796
28.2802
4.4105
30.8361
8.2557
18.7754
29.005
12.7987
9.2229
0.3761
30.9101
6.0584
21.3375
1.6686
1.9918
10.9914
4.4539
13.7636
10.6042
8.2993
22.8987
31.241
28.3593
25.0254
14.1941
7.1536
2.207
20.3648
6.5717
11.1989
30.2544
30.9667
7.2359
14.0133
3.235
20.2504
8.4019
27.9552
13.9316
8.4565
1.261
18.223
13.2496
6.0265
3.6359
21.1298
6.9349
6.6053
23.7129
13.8298
4.3452
30.1574
3.0349
12.9011
12.0485
1.6761
13.1356
6.3313
2.9711
6.4702
2.567
31.5866
23.2135
1.292
1.9699
6.4384
5.6678
13.2747
16.053
14.9295
28.3072
17.8131
29.2035
1.7972
1.786
15.2594
11.3971
22.2813
18.531
5.7081
22.1282
19.8596
21.7516
19.0503
30.5126
31.0313
9.5026
15.939
5.193
11.4131
27.5427
17.2489
3.4009
25.9416
21.6522
3.7623
26.0811
5.5547
29.8985
5.3576
30.1786
8.3229
18.7124
27.7102
14.1665
2.4783
7.6361
14.3954
7.8078
8.6962
15.1218
27.3193
25.7096
16.8511
18.6764
29.0296
21.0271
12.3364
0.1002
25.6728
17.7321
29.3663
7.7972
4.5832
27.8334
16.2119
9.014
21.8287
4.0393
31.5878
17.4848
25.1699
28.1241
27.8995
6.4246
21.4252
28.7281
6.2876
2.9624
12.4045
26.6392
11.408
26.4977
9.0929
18.7761
3.1081
13.3298
21.8353
3.5651
5.7304
23.2539
15.449
14.6212
6.0434
25.8546
16.192
2.2683
30.5281
30.2922
22.358
9.2844
0.1794
24.7343
4.3409
5.2767
28.1911
11.5287
24.0854
13.8237
10.0849
3.7523
16.745
23.6606
19.5569
8.7629
27.9919
29.6769
30.9484
19.9338
2.935
4.8256
15.3426
27.8779
20.7899
16.546
11.0804
20.8446
30.8244
20.0882
10.6294
15.0869
12.6893
20.4752
3.3091
2.2367
11.3155
18.6592
4.1569
25.6935
8.0023
11.81
8.7649
20.4442
16.8391
6.3645
18.5619
5.6718
17.1343
22.7587
20.3166
4.9291
19.4075
11.3487
4.196
24.3449
29.4857
5.5488
17.7877
20.9972
2.1057
1.2267
31.2979
2.4917
3.7484
1.3602
29.982
0.4332
4.8154
3.6492
10.7978
31.5565
22.5676
28.2268
28.1112
21.7674
4.1729
3.3778
20.4073
18.4962
21.2163
30.032
24.6059
22.5996
1.9496
9.3548
19.6922
6.0862
3.9718
7.354
19.4328
13.0629
0.9306
0.2753
2.3153
12.0388
5.2682
19.46
15.5343
25.3357
20.7738
6.4867
24.2566
3.0894
1.2641
24.8572
26.3913
7.2259
28.4276
24.5165
15.067
10.3101
28.4147
26.5404
29.5674
18.2003
17.7873
15.3047
23.4583
10.1781
15.3531
5.9627
24.0497
30.4739
19.4434
2.3179
0.9643
31.5739
20.4833
24.929
20.6012
12.0234
18.676
22.6928
12.9521
9.5398
4.1767
24.1453
4.8813
10.3312
20.2823
13.7048
7.1587
6.5791
3.2531
30.8413
11.9676
30.373
27.3966
1.1868
23.0312
13.0023
22.1626
20.776
24.445
13.2989
20.3057
18.8213
8.95
26.3983
8.7035
12.4185
6.9488
5.2195
14.6237
28.8415
14.8283
0.7752
29.3502
6.8503
16.7095
2.4758
10.852
5.0437
29.6703
9.0702
22.4308
31.8423
27.6167
30.9001
28.4714
7.6283
24.3795
9.1156
1.2858
30.1123
7.0336
16.0632
16.6004
4.7775
2.2746
7.3344
16.3643
15.9152
1.8932
30.1085
24.9117
30.1089
6.7936
6.8665
28.8045
30.028
8.9681
16.8492
20.2592
31.6796
14.1689
5.2704
23.5836
19.0468
23.5605
0.7466
21.4497
12.6286
8.1739
19.2619
16.6101
12.8319
26.3725
31.2838
10.4437
26.7875
27.8292
10.8418
15.2125
15.707
30.9342
30.5482
27.5481
23.7649
11.1588
4.0903
28.8641
0.8071
26.7099
17.3717
17.2368
24.1011
11.5653
21.6484
12.9757
20.814
9.1103
3.1152
8.4441
30.3806
10.9096
4.1959
17.2176
10.9193
18.9057
16.3878
28.5419
4.7755
24.4064
18.5111
13.8672
26.9383
17.5498
29.9101
7.2015
10.9591
24.7104
20.7594
11.0739
31.0689
12.714
4.0517
22.8723
27.7111
2.5958
26.9503
2.5918
1.4852
8.6065
30.9082
17.2269
26.2329
10.2347
6.9731
11.0741
1.0798
18.5582
4.3867
2.0837
10.9798
12.383
25.7181
14.7948
3.0231
4.7758
14.5811
22.1069
31.9345
1.0924
1.4261
16.0986
7.8117
28.648
31.6338
26.1261
27.3084
12.2065
30.0574
6.121
12.9666
16.7966
0.0783
15.4386
2.0049
21.6086
16.4182
0.1521
23.1434
9.7134
12.1215
0.7578
4.8616
22.4807
1.9626
24.2275
30.0858
21.8716
28.8486
21.456
19.4241
1.4382
28.4951
13.4348
6.7124
6.6337
5.8655
11.1004
22.9265
9.5117
13.6999
2.0761
17.195
14.8366
30.6162
3.6773
9.9145
18.011
26.9897
9.0924
7.5213
7.131
28.4013
15.1792
0.7149
3.3252
26.5723
12.7698
9.0157
6.0657
12.4391
27.5889
12.7025
19.6066
10.9001
22.4946
10.0947
30.5355
18.1737
4.1315
23.7125
17.0737
14.2397
2.2227
0.1064
27.6552
28.1974
10.046
18.1966
23.7841
1.6716
5.6143
27.2645
6.226
3.1612
5.1307
14.0196
29.8133
4.8596
2.5458
17.7015
15.6573
14.889
1.7775
9.8179
4.8657
18.9856
3.9209
10.9525
22.2637
14.5333
7.4477
24.3137
0.0655
10.4978
4.2507
25.9969
10.91
2.4984
10.8359
10.4238
29.2383
16.1359
28.0548
17.6119
9.6053
18.3669
13.4395
17.0957
16.5103
1.5427
15.1364
16.0175
2.1588
12.7688
20.8946
7.7798
0.3547
24.6513
11.3443
25.7507
19.5679
2.6523
2.825
13.5372
30.0476
4.9359
23.5573
12.7866
24.8545
18.8609
13.5046
27.3734
20.23
30.9662
12.7074
3.1375
14.3627
12.3096
6.8174
7.5866
9.1825
13.8331
27.2252
5.1833
10.0971
14.9292
18.5279
9.1447
16.9333
17.2021
29.6836
8.5423
17.2308
4.097
18.8634
19.7576
20.2327
7.0733
3.9531
9.5433
1.4776
18.5267
9.3075
14.7156
6.1947
10.8992
7.9218
5.1711
24.1258
23.8774
27.7316
22.0766
10.8898
13.0072
6.1939
31.4072
28.4928
17.5725
11.5177
16.7733
14.7107
25.6808
6.1515
6.8518
3.1919
20.0433
16.4286
21.8455
28.3561
3.3423
21.2567
6.3674
19.5381
25.212
0.0936
11.2501
23.7071
6.7202
24.7647
0.7364
8.9506
9.2386
10.78
7.935
13.9659
30.1799
28.0994
4.9855
31.2889
12.8458
1.3471
30.4554
22.9172
25.9592
20.6044
24.4997
29.005
28.5623
14.0798
26.7807
28.199
12.1251
29.3675
22.6965
1.7016
13.9962
17.7713
30.2825
24.1798
21.5074
1.9875
8.4554
27.7887
18.4602
19.4541
8.5888
17.2512
26.887
21.6456
28.2472
27.4888
28.1542
1.4763
15.646
7.3746
2.0855
22.8455
28.8051
4.3375
27.4001
12.4022
21.08
14.3449
19.3158
12.6939
17.2211
30.202
29.904
27.9961
20.9361
26.9395
0.6814
23.8667
12.0278
16.9372
9.6109
5.2798
15.117
22.3503
26.3576
26.9003
26.5061
21.2502
24.0307
15.0762
29.3297
4.5363
13.2155
28.0875
29.9733
19.2111
9.763
15.9973
6.4239
3.8122
23.175
26.9784
5.8786
6.6906
6.5477
25.6206
10.8319
2.0485
6.1632
22.9449
25.0581
13.4801
3.9218
1.0575
25.7288
29.2419
22.7466
10.0486
20.071
9.6131
10.3665
22.0022
8.8196
29.0936
24.4682
21.7738
18.9938
10.4293
5.7798
14.9816
20.7847
8.133
6.3874
23.6535
3.4774
1.6145
12.6963
19.7875
18.0598
20.0106
20.7042
0.4622
6.7903
18.2458
21.549
4.2663
21.3856
28.6947
17.0209
14.5969
4.6281
24.6138
26.3788
7.2866
7.1783
22.516
11.0631
7.1368
10.9616
1.937
25.5156
25.9017
19.5814
10.3794
21.4198
8.8654
2.8639
6.153
22.8449
26.239
19.3879
29.1392
23.7235
12.7059
23.3818
3.2773
6.4578
25.475
18.6751
3.0578
31.6693
18.3118
20.0115
30.0637
22.2589
30.9732
27.6936
21.7148
27.5555
0.5809
22.9998
5.8356
17.2276
16.1656
12.9218
10.1769
3.2608
3.676
18.8297
22.49
29.0847
24.5982
7.8997
5.5917
27.5166
2.8805
30.1813
18.5544
11.8182
0.5806
22.8673
8.7955
30.4677
6.0853
6.0256
15.4483
3.5091
28.7145
19.0477
0.6991
24.5457
19.0812
15.4833
25.5371
7.1752
0.0717
19.8763
0.8955
12.3678
30.107
25.9528
11.2024
31.2276
17.5706
10.9817
0.2994
27.0034
5.8159
27.5195
13.3476
18.0207
4.6878
4.444
29.9095
28.909
7.3266
7.9419
18.2133
21.8548
18.8852
26.7034
26.7575
20.2717
28.8985
13.1272
19.1695
27.0005
10.2449
22.3117
30.4607
17.0196
31.1633
5.8589
24.575
16.8018
9.8399
10.404
8.0822
24.2094
10.5786
25.4037
17.8469
12.8513
21.5075
6.7989
28.211
6.7806
20.4563
29.7051
2.0688
6.3877
26.0615
28.2844
6.1121
16.7554
0.6889
12.1932
8.2639
10.2149
22.712
28.9939
30.8299
12.542
17.3268
16.9351
10.8467
0.9029
12.8612
27.4655
31.6509
28.3843
18.7072
7.714
17.6624
12.8736
13.4483
25.9979
19.5325
19.4922
2.5796
30.7575
24.4244
10.739
10.0921
23.502
25.5669
5.139
17.1385
11.9579
10.9102
26.3688
8.675
27.7176
23.1302
9.7797
27.7383
21.9504
27.7752
26.6195
3.1703
6.5154
24.9197
21.3022
24.309
2.2252
6.9421
3.7872
13.5988
1.5965
31.8
24.6348
9.5394
3.2326
14.8065
3.6733
12.335
25.7188
2.4426
15.2777
15.3668
13.4367
22.0013
4.9605
13.1572
25.2594
25.4372
31.435
25.066
15.2459
1.934
31.6218
26.2021
27.0687
13.1523
11.5291
28.2268
8.3363
27.7811
19.9599
8.8748
28.7761
22.8327
21.6775
1.5856
13.481
4.6043
20.3292
14.8704
21.4152
11.3944
30.915
17.1903
29.2341
1.1314
4.0882
31.5429
21.0603
4.6757
25.0989
20.5764
17.1669
5.0227
12.4174
13.806
3.1573
10.6711
23.5743
8.265
1.721
30.8167
23.2853
9.1927
9.4468
17.2328
18.7646
25.7772
18.5803
10.6833
1.1003
19.9574
1.7297
23.0862
19.685
20.9498
2.6146
6.855
8.2069
10.6853
21.915
8.8182
2.6782
11.1565
26.7786
19.7731
30.1255
15.2066
31.1821
24.4175
31.7618
12.7278
3.7529
5.9041
27.5889
14.9769
14.4807
3.201
12.1642
16.5476
7.6936
13.3286
12.1696
6.1224
4.9513
15.3218
2.8696
10.301
14.7294
24.5034
2.4313
23.532
0.219
5.6933
1.5634
11.4365
17.0335
14.3964
5.5432
26.9121
4.8194
11.3331
17.1795
16.6598
19.3982
17.2269
19.5643
23.9816
31.6431
2.7118
23.5575
13.6526
14.615
16.1841
28.6772
26.916
4.8108
6.1252
19.9849
13.2571
8.9493
24.2785
6.5481
21.8357
19.9794
22.5105
23.4836
25.6411
28.6082
10.5338
9.5047
14.4768
6.3264
14.22
28.8124
21.3913
13.067
18.5022
3.344
22.0401
7.0364
17.9067
2.6362
17.9001
23.7861
10.8758
17.4936
21.2665
27.0225
20.436
0.0839
1.7185
0.7114
21.9674
31.801
12.4494
3.828
3.7163
25.8356
16.2621
3.5651
28.5077
10.1884
11.3287
20.1959
31.1915
15.4461
1.9616
18.5432
30.0696
3.784
3.3082
26.5418
25.6767
26.6206
1.0261
13.8026
27.4135
9.6849
17.6658
26.6545
4.8145
28.693
23.2248
22.0875
23.2647
26.4768
21.4415
22.1468
26.4323
26.008
3.104
2.0589
31.2517
28.5546
10.2319
16.5072
26.2498
9.5446
21.1776
6.8839
31.6918
5.0951
14.4956
15.3351
21.4772
6.4571
17.4968
19.4414
17.0013
17.6578
31.8899
17.3863
20.0542
6.9831
2.0924
0.3563
16.7745
20.9594
17.0974
0.77
7.9704
22.1873
26.8242
23.1087
14.2175
4.4364
25.1491
13.7302
20.0792
21.6077
21.0826
13.1835
17.8174
26.2471
4.0421
8.9768
1.6215
5.7205
0.1088
20.6445
4.1352
25.9116
13.7058
31.9828
25.2031
13.3589
30.2923
21.9131
4.4901
17.4917
0.5609
18.0744
19.3208
30.7924
29.9559
29.6452
1.866
11.7246
12.694
27.1505
25.1791
30.274
17.5704
1.1094
8.9197
18.6551
25.3113
16.4304
10.1992
0.8503
16.4062
15.9926
13.2098
17.6961
6.0067
17.6202
13.7335
14.2122
12.4432
23.9657
9.196
28.1995
0.1211
26.2874
15.6592
0.8655
18.1059
24.5403
30.181
31.2256
3.5407
10.9895
11.874
7.6236
15.1864
7.6972
6.7752
4.0501
29.382
26.0142
5.254
15.2614
6.3172
23.9501
29.9639
31.9678
14.3337
31.1145
6.5517
14.9156
19.3615
11.1088
11.5333
13.9156
2.9324
17.0885
18.7469
18.0174
21.395
11.4115
9.0258
20.6136
7.5083
16.0452
12.1759
27.2531
29.6305
27.2111
10.2021
17.5982
29.3835
25.8452
20.9476
16.1061
25.7559
7.5106
22.9611
25.2429
0.8905
11.5793
20.7067
24.5177
9.9024
31.1215
5.8456
6.7557
2.2664
22.789
29.8571
1.2532
21.7482
14.1762
0.4736
25.5258
13.0737
19.0538
8.5956
25.3882
16.4599
9.2761
20.2779
13.4681
24.8126
28.0026
27.6685
15.6898
5.5589
3.2174
19.1666
4.9715
30.1797
0.1462
16.0132
0.0185
21.9894
6.5525
6.7231
31.8741
27.3953
23.6721
28.8325
5.3613
25.8612
1.2954
30.3593
10.4554
3.1605
24.415
6.7836
27.6343
18.3369
25.9267
23.7693
16.9208
23.8694
20.1787
28.2516
1.0179
15.7035
22.7964
6.2727
14.4236
26.5574
8.3443
21.3135
24.085
9.1347
30.9115
19.6003
18.9731
23.2447
8.2925
21.4737
23.4779
22.2788
18.5255
7.2068
21.0182
8.0006
17.4836
0.444
23.1956
23.5253
13.2385
16.2663
12.6036
21.7519
29.3628
8.9751
17.0389
27.7502
7.4535
3.3466
30.0386
14.212
23.856
8.1638
0.2003
11.5017
5.9961
2.2691
18.3221
14.1703
22.4329
21.9558
27.8607
6.5135
20.5015
22.2209
4.7218
27.9336
29.3366
25.7088
9.1388
26.1337
19.5539
17.5129
21.9738
19.2385
0.7786
3.4744
7.1143
31.4883
22.6699
19.2156
6.8402
19.5702
26.8952
27.3501
6.7317
17.2188
7.6802
9.9039
24.0306
4.3014
7.1688
26.8164
6.8295
31.841
23.5358
25.6793
14.6172
22.1866
1.1581
16.9312
23.3903
17.5386
31.112
2.4562
3.9478
1.9272
22.2917
9.292
11.7396
6.9613
1.1563
19.1435
8.2617
18.3484
21.9382
29.6974
16.9032
21.9991
10.8852
23.2845
31.5505
8.4941
3.9903
18.2869
19.9168
10.9346
25.0168
17.8941
2.1865
1.126
22.9801
31.5136
14.7599
29.4382
14.6627
31.0464
18.1265
7.2033
21.3996
1.8854
4.0474
27.103
15.3613
31.6221
31.6855
9.8872
9.4165
27.1057
25.6401
22.0288
27.3701
27.5889
14.2817
31.8143
10.8476
0.2272
28.8782
8.8266
2.7654
15.1303
22.5896
0.0809
17.8617
16.9241
5.9189
9.7335
13.093
2.0296
14.8463
25.3286
1.9473
24.5016
11.3743
19.8983
3.8043
8.3543
16.7055
19.4163
27.3541
30.4008
24.2969
25.8262
25.6645
11.0185
20.4658
20.9387
14.2906
5.8373
14.33
19.7363
11.9465
29.7972
30.5492
15.8922
10.585
17.1408
28.195
1.7195
27.7487
18.2507
18.3811
23.684
1.0254
8.1732
7.2943
25.1946
13.4349
23.9136
25.1852
6.0456
20.9731
26.0574
26.09
25.5755
31.4464
12.1624
21.2642
12.0171
14.5766
14.832
4.3111
22.1869
22.0934
31.8982
6.5022
21.2598
0.4215
1.8915
23.1843
13.9656
0.6489
9.3983
31.525
3.3001
26.7784
9.6848
30.7829
7.2541
11.5118
21.4199
12.1071
12.9482
29.1756
8.8495
26.4113
18.6448
7.4086
30.1137
18.8773
15.4112
11.4178
15.9396
10.6001
12.1474
5.7624
9.4246
10.2351
27.7618
29.5518
14.6728
4.302
13.5203
1.8897
22.4143
13.8298
13.4644
7.9535
7.3772
27.7966
30.885
19.4875
3.1964
4.6741
30.0623
22.4946
22.9373
16.0268
28.5797
21.9129
8.3011
3.8933
17.4774
26.13
7.1273
1.0016
28.7903
5.6768
9.6577
31.0677
18.0318
11.0349
25.9162
31.7095
3.5286
12.2066
1.5437
21.1287
22.7518
7.9827
25.8331
27.1451
3.4228
26.587
29.1864
20.094
5.0089
6.1483
29.1185
29.0601
23.7798
30.6585
2.8386
4.9749
10.1512
22.5991
14.9377
12.8295
9.2508
0.2488
2.154
21.8039
0.4086
24.959
27.0431
19.0505
14.0376
22.6874
4.3927
28.188
30.9943
8.7128
5.3402
14.1239
18.7011
17.0683
23.6211
30.875
1.5923
10.3556
6.1205
31.4018
26.5127
30.6477
11.2253
2.51
22.7207
17.3156
24.6282
10.6009
1.0467
6.6445
26.3993
18.4178
21.2592
23.0448
28.6869
19.3229
6.6078
31.919
7.9216
0.987
4.6911
2.994
18.7942
27.7984
31.9731
27.4799
4.4849
6.4042
6.2413
30.0777
30.371
6.6693
3.1779
18.4738
9.1504
1.8687
20.5604
26.8595
29.8545
5.6279
5.125
23.4446
30.3662
6.2516
29.8496
29.1848
14.9945
17.5442
20.2163
23.9605
21.6746
24.4507
24.9535
20.4477
7.3574
31.6637
7.4333
12.9327
2.8783
0.8243
8.4099
8.5635
2.621
8.6579
11.1676
0.7998
27.5979
3.6333
24.9853
29.5068
13.769
7.0106
24.9441
8.4718
3.5111
27.1752
2.3131
2.6734
7.9296
8.9134
12.0292
16.726
3.7329
7.7152
13.9719
21.5262
12.2848
28.7366
27.2758
10.5878
29.6302
10.8389
30.5209
16.4062
8.8955
8.3632
25.0387
29.3221
19.8229
24.2316
22.6689
24.5563
27.8309
8.502
7.7698
23.6803
21.8014
19.1808
21.0166
12.3652
19.5372
6.0216
10.9197
26.6352
12.5555
21.8244
28.5098
25.1516
12.3206
29.1615
1.9817
23.1766
16.6354
8.5152
27.6006
14.6562
18.8126
3.8519
26.7354
18.207
2.6103
2.4958
13.9901
14.9757
11.9879
22.0761
19.6113
26.2079
20.5045
2.3114
26.4781
21.6438
20.8704
8.1669
14.8805
23.3332
12.6587
18.5094
21.1543
17.6136
26.0186
7.1095
6.3812
13.272
2.7721
27.7318
4.1084
30.9241
15.5384
18.1526
5.7546
24.546
24.495
2.7833
19.3815
9.2287
21.7874
14.8801
1.4223
12.5188
6.2166
25.3409
23.6483
23.872
18.5823
3.2999
1.8871
19.8524
29.8086
1.1815
24.4859
29.94
1.0077
17.341
18.7814
21.0087
26.5691
20.341
4.6809
23.1079
12.9613
18.6856
11.6106
17.1443
2.1965
2.1702
1.7152
0.9451
14.2773
31.3276
31.7992
31.7372
30.167
18.7679
8.8644
2.3005
16.5856
16.4083
18.4759
26.8285
29.1535
20.5991
19.7877
8.1474
17.1496
29.3564
25.2059
9.5271
18.2033
15.5722
29.7675
13.9575
7.8313
0.9484
24.8567
2.4624
30.9724
20.5232
21.8857
0.3316
14.8435
10.0077
21.3584
7.6158
17.5922
28.9378
18.8949
6.6792
19.1924
28.3819
15.1165
30.9261
0.3734
29.5369
7.9604
29.0015
29.234
29.2088
14.13
3.6616
2.059
0.4438
20.6921
1.4787
20.9615
19.7906
10.9923
4.3779
11.9009
5.4606
18.4811
29.2771
19.2057
16.7523
5.64
4.2406
1.3236
1.2288
26.1652
23.3728
2.6764
21.7579
15.7203
15.8999
5.4893
20.4669
14.1288
5.4787
16.9895
15.1207
28.8547
16.2916
11.2067
17.6988
2.9981
29.6266
20.8997
8.0523
25.0121
27.2904
6.5176
0.2016
3.1135
29.9162
10.145
20.2927
0.4742
29.4775
13.1585
10.2979
6.5966
8.651
18.0919
8.7514
21.1771
18.2464
22.0691
1.559
28.4881
4.763
23.9068
27.371
31.0118
3.3172
13.8515
28.6592
27.5501
19.6595
26.7847
27.9076
21.9361
5.7627
27.393
22.2818
17.9085
0.2259
6.3401
12.6246
3.1047
4.1676
23.0044
12.6444
11.3975
4.1336
12.5529
9.7231
23.9598
17.5205
15.2021
9.8863
2.4096
13.8906
15.2304
19.5434
7.8315
29.1867
30.3921
23.5139
13.9062
10.2338
10.3888
0.3224
7.8004
5.6822
8.872
23.9189
11.6836
14.4235
20.3169
14.6425
9.3024
30.3055
5.0409
27.9286
12.8153
28.4751
14.8971
7.2512
17.8243
21.7847
0.234
4.3874
16.3783
16.7407
17.8717
4.5705
23.8854
5.4938
21.9518
22.9482
23.7355
27.5612
13.6104
1.6127
28.996
17.6749
2.3676
24.6092
2.9443
10.7139
14.9447
12.5523
27.7152
24.6041
9.8574
14.446
24.7113
11.4013
23.8691
2.8487
14.8621
11.5846
14.2369
28.3808
29.4034
1.6353
2.2727
29.9836
22.7135
12.8835
25.5601
14.0502
6.8699
6.2807
15.7473
8.3948
9.1889
25.6045
2.6397
28.4088
9.2611
28.2636
16.5956
15.6345
25.875
13.7739
3.9123
24.796
6.2739
27.3042
10.4401
19.1908
23.8112
10.8044
25.3294
21.0791
30.6462
14.4762
29.8327
10.8863
2.1915
24.5408
10.8205
4.4507
14.2554
24.3772
6.75
1.737
24.8496
18.8385
3.0417
27.0842
18.4949
16.5839
18.799
28.4289
9.6343
2.3695
30.3034
22.5007
6.3076
27.5974
28.5799
0.8609
13.7787
2.2008
20.3899
27.885
3.5049
14.8312
0.7244
12.5719
16.8521
5.3935
1.8592
23.0671
24.2926
10.071
23.2375
14.2051
4.1768
1.3155
19.8105
21.4469
19.2912
22.5031
1.9311
29.0036
11.6108
19.5885
21.4016
8.1993
29.5794
14.5784
9.5711
1.7065
19.5989
1.8754
14.169
9.8273
26.5107
16.1761
27.215
19.4696
8.1816
24.2455
13.0687
12.3615
5.361
25.2513
21.8819
9.3419
16.9308
2.088
3.2992
9.1053
25.8402
5.2145
21.6832
10.1433
9.9943
11.3447
12.5021
7.4112
15.3131
21.9578
10.0674
15.6212
1.9185
25.359
31.8277
0.1763
31.397
17.5477
15.2459
18.0405
31.7173
29.2396
3.1658
20.2259
15.0752
21.1339
13.6886
17.5879
26.7157
5.2225
28.3452
1.3016
16.5154
10.6738
18.9443
28.4886
21.244
5.9546
19.356
19.1314
15.7938
10.0856
8.7057
18.4429
24.7379
30.5067
30.5934
14.7798
12.7003
1.3184
9.574
3.456
0.0453
5.3872
20.2277
18.0758
11.0566
8.397
10.5747
15.6025
12.255
25.6908
10.8952
1.9042
4.9175
13.3044
13.9644
30.7883
26.1259
0.5889
30.606
13.8857
3.5133
20.9529
11.2894
7.5856
21.1106
4.2086
12.6755
13.0732
5.6983
30.9422
7.5771
7.3681
15.6989
21.748
29.8234
25.7767
31.0132
29.4454
21.583
11.6332
30.4621
28.6945
6.5527
30.9731
9.804
7.774
23.7157
5.2308
10.4016
7.8357
8.0595
12.0029
9.4427
17.6758
7.6219
10.1384
12.9634
31.0764
17.7784
29.0846
20.3592
13.355
16.0046
11.2643
27.3489
1.8714
23.4929
0.7829
28.6292
28.7438
2.8827
13.0098
19.4189
4.0598
10.8464
1.0433
25.6353
15.439
20.0974
29.695
1.5633
0.4979
1.409
16.24
13.3629
19.9468
14.893
25.8907
8.1339
13.5928
1.1293
25.8622
11.1844
16.1787
23.4318
27.5502
29.3135
4.4256
13.638
19.7991
31.3593
24.1618
21.4075
7.1259
5.2345
0.3648
9.7712
30.8304
7.498
29.0166
23.8551
23.5884
8.4625
6.2212
11.2137
31.4374
27.7527
6.2569
18.866
2.121
5.0958
19.0264
26.4581
25.1503
17.0102
23.5596
13.2871
30.7746
10.7837
2.0159
8.8831
15.3038
27.8956
24.9014
20.1986
14.7826
15.3145
21.9878
0.4464
12.1527
27.0582
29.8341
5.5336
18.8664
30.7345
7.7731
19.1478
25.9515
30.3445
3.2949
16.5763
10.8867
30.7637
2.1454
15.4406
26.6719
13.1411
23.9279
20.8311
28.3
16.6351
3.9097
13.7888
30.2201
31.0739
5.9746
30.2275
26.3832
17.7249
17.7906
18.4006
24.1169
26.4459
9.7801
22.8674
3.3681
4.4642
31.5611
26.1593
31.9837
20.2701
11.199
22.6387
9.5832
19.8631
18.8127
9.64
30.5584
7.7364
30.6124
8.9319
28.5108
3.7089
27.8658
16.9836
22.8442
2.2391
24.7136
0.5512
8.213
11.0673
16.4595
11.9795
28.6446
1.3906
30.595
31.1485
24.0822
18.1221
0.9394
20.1314
13.313
23.0581
8.2024
5.7265
29.8459
28.4435
31.9648
31.7271
5.0268
5.2592
26.2046
18.5632
10.5468
23.7287
24.2174
0.2116
11.6693
5.8664
24.1526
28.29
22.7525
21.1205
12.9239
27.1832
13.2796
25.4325
18.3203
4.4544
0.4161
0.3949
7.1681
31.9102
15.0208
23.0869
16.3607
13.6087
6.7189
14.5598
7.2177
23.4909
30.074
20.0022
6.2811
27.7987
28.6197
3.6147
31.5164
11.2629
5.8522
21.0309
31.0716
15.3429
13.747
31.8543
6.5201
15.944
15.5635
29.777
20.9443
24.3714
9.9876
20.3956
24.3968
26.6394
28.3755
22.376
27.2118
12.5537
22.8529
2.7594
29.271
13.4502
10.4688
24.2701
3.0792
19.0816
30.0033
25.9425
12.597
16.5709
30.8576
15.5787
15.4481
28.5868
0.4796
29.6654
14.8306
10.7754
4.4936
22.693
6.2142
30.6073
21.3198
9.9295
12.4448
0.0416
13.7146
6.6362
1.383
16.677
27.5342
18.6714
8.5204
16.8316
1.9918
23.456
3.7559
13.27
9.8656
18.9935
6.3354
30.6523
16.9314
28.4931
12.7514
27.0554
0.5096
15.002
7.1052
18.4382
6.503
25.3042
12.7338
11.422
20.4782
13.7216
26.4851
21.4184
0.5923
14.5097
28.0563
1.5573
20.4058
23.1714
19.3794
5.4103
4.5777
23.3296
14.4438
30.437
21.4633
29.4572
21.9499
16.075
24.6506
24.2814
4.9523
31.0969
9.1192
9.0368
10.8666
18.9867
23.9055
25.4528
18.0693
9.5808
4.8249
22.9957
25.7424
27.6573
0.1786
18.8259
30.7628
29.6082
7.8922
16.655
31.2518
24.8139
29.1883
17.3551
26.9404
11.7097
30.2624
5.9476
4.6328
25.2817
23.2885
7.34
25.0874
13.7605
22.151
17.8508
31.1704
15.5538
2.9984
31.3002
7.6248
23.3204
24.9565
24.1076
11.4626
19.907
4.3499
12.5789
5.352
20.8768
9.1291
6.3735
5.7208
31.231
14.1679
27.4418
12.0312
7.4779
24.1059
25.0472
29.8549
4.1846
16.5339
17.078
2.2524
22.5141
2.4693
14.1324
16.4575
7.2155
24.9796
20.6895
14.3788
27.2036
26.9138
22.1991
7.9861
5.3448
0.7369
30.9894
22.0779
5.2842
25.8935
3.6928
28.0302
1.6135
11.6811
14.5522
5.4536
4.2029
26.1411
13.1535
6.2234
23.7939
14.2516
15.4912
26.9589
15.0618
14.8508
1.2573
11.8052
2.5265
4.3738
18.7385
27.6347
1.4416
5.9847
25.023
30.8767
6.6748
2.4174
5.6286
18.9582
3.4239
12.083
18.4242
3.0274
18.6988
11.5803
31.5225
6.482
1.7121
22.6638
4.147
12.3267
24.2116
10.0833
6.5934
28.392
14.8635
13.5971
13.9971
29.0593
1.6726
31.2714
5.9721
18.893
26.6072
17.7966
16.3145
0.2951
21.9218
20.0612
2.8625
4.2352
19.0775
11.9505
27.0089
10.0185
0.3064
20.9306
9.4887
27.0119
16.4974
24.3008
30.9639
25.2902
19.1951
3.557
5.0296
12.002
27.503
14.1921
26.3013
29.9784
15.7981
12.0534
10.9165
15.6611
22.2862
14.3306
5.7448
20.121
20.7072
22.3107
25.7949
3.0607
26.9674
27.9213
19.8077
13.4525
9.1867
30.4337
15.8767
11.0704
25.1179
15.818
24.6862
9.5879
10.2433
3.0458
0.5767
4.2162
20.293
19.8968
12.8134
24.4965
13.1474
25.8765
15.2314
24.1407
12.3649
0.0406
5.7397
4.3946
22.4279
3.5237
22.6435
23.3036
10.1198
27.1129
23.0807
16.3477
6.5868
23.6533
31.1543
25.4045
18.934
10.4166
23.1846
14.9273
14.1869
31.1369
17.0957
1.0047
5.2131
8.6099
7.3972
26.4756
24.4898
15.4645
30.8492
4.8702
19.3361
17.5331
17.3191
19.2052
26.3439
16.5355
15.9417
26.9395
21.3103
9.3179
10.6255
0.0304
13.3827
1.1445
3.3357
17.6199
16.8667
23.4596
17.8769
1.4423
4.514
14.8696
12.0595
13.6004
2.4303
22.2985
30.6684
16.0718
9.4478
15.546
3.4928
25.7696
12.7272
31.5492
14.8433
2.6401
4.7691
26.5291
20.0525
11.9854
15.5377
17.9376
22.8982
12.4096
17.8823
15.8279
1.2439
3.647
23.7337
10.8564
21.7577
0.0579
9.9207
14.2454
26.9935
14.6029
29.8005
13.9087
7.3496
0.893
19.8605
21.0696
10.6217
29.6262
23.4676
22.9455
14.9
31.2928
11.0261
18.5195
25.6243
15.3381
24.6472
4.6525
16.7547
16.3308
24.7546
12.3266
15.8696
20.599
10.0102
24.2503
30.5386
24.3261
16.8205
20.7239
19.9648
28.2597
12.1725
21.1198
19.7205
2.1171
25.4124
11.5267
28.01
18.7129
31.7051
0.2081
10.4741
18.5011
13.5974
9.9935
18.9972
27.3739
7.4024
30.368
30.7743
9.1325
12.0696
25.3904
12.2926
19.059
7.7461
12.073
23.2699
9.1377
7.8531
0.5391
14.4812
14.5805
9.3676
25.8798
13.3963
6.4254
13.4291
5.6864
6.0967
29.3063
9.9577
20.4383
15.6428
6.5174
31.1863
2.9965
2.9039
11.5183
4.3345
17.367
4.3473
5.2581
29.7503
16.3098
26.1978
25.118
27.6488
28.1227
12.9954
5.5856
4.3262
2.4996
5.6925
3.8947
9.6957
4.7332
15.2581
16.076
22.3805
22.0001
19.2039
28.0501
27.3984
15.1168
19.1171
15.6703
1.0645
23.699
6.9026
27.7828
30.9861
25.3628
12.2619
24.3705
25.3965
28.7067
15.6138
13.022
6.6372
26.7077
2.1561
3.9204
3.9436
13.8253
16.6319
20.4816
4.9236
30.9735
23.3129
11.4058
4.2141
2.9812
15.2148
17.4841
21.0149
20.6314
28.4874
5.173
1.1329
25.2455
14.2741
1.6456
25.4832
30.8923
31.8464
1.289
31.6914
8.9201
19.4046
6.6141
13.2584
16.5934
9.9265
7.0536
30.8647
13.273
24.2243
19.5906
4.3826
25.9089
6.0425
18.4567
23.9604
8.9067
11.488
23.7165
20.8397
1.3842
19.1626
13.8264
5.1374
0.186
23.331
23.4318
9.6984
7.4072
16.5979
25.1385
7.921
12.0077
14.2832
14.0654
20.4634
23.3821
14.1315
30.5917
15.4298
21.6854
21.5022
31.0466
0.2242
29.6643
21.076
28.1893
29.1911
24.9588
18.4682
30.0496
6.7547
9.2727
20.3074
5.1563
27.9228
23.0744
4.0615
31.2679
23.2915
13.4594
7.0936
20.7012
12.4896
3.5255
6.7089
3.0605
12.6638
12.5023
0.5037
27.0076
12.6929
10.0788
19.5625
16.6957
5.7277
9.5719
1.355
30.4885
29.3113
19.6667
23.8755
3.9705
29.4686
19.9752
1.2751
12.0946
13.8709
10.5024
14.8254
30.7184
23.8964
4.5899
20.6799
28.0138
14.9546
4.4013
11.9271
23.4003
26.0759
8.9768
7.4316
9.97
15.2046
29.1476
7.4916
15.9994
11.6897
24.411
9.5766
14.0458
7.8531
6.4773
30.2364
1.5192
4.7442
27.2828
2.5535
6.8905
2.4941
5.0546
7.5061
31.6379
8.4237
18.5799
14.9494
0.8827
6.5786
15.636
3.6836
10.278
14.7005
10.9476
8.1336
30.8131
4.7072
15.3098
7.9614
24.0471
31.989
11.3663
9.7282
29.577
8.5575
27.9196
29.7322
13.5289
16.847
28.7109
27.0321
10.5964
0.5813
8.9754
11.9562
5.545
1.2388
11.8905
3.9217
1.5133
12.6153
7.5242
8.4061
26.6078
27.3059
23.3208
23.0102
6.2124
29.2734
25.1191
10.3451
20.8578
18.9583
19.2794
20.0115
25.7399
16.2502
22.6365
5.7323
10.5615
21.4086
3.9968
8.792
24.0775
16.9155
17.7415
8.3407
9.9493
8.1279
29.8622
21.0995
22.5062
24.0033
2.6063
8.7775
2.8862
7.2408
23.3897
27.9395
18.2003
11.6561
7.6009
4.8246
16.9694
26.4974
2.8625
11.2457
27.6649
12.3089
8.3905
0.1893
13.6152
29.0397
30.3363
20.9349
1.713
12.8863
1.502
26.9
13.7684
20.2008
2.6206
24.2885
2.3403
4.9556
26.7422
6.9081
0.0823
17.6607
29.2629
13.6406
16.3327
14.4598
21.5906
7.5605
28.0894
16.1562
10.7126
3.0836
6.5561
6.9137
12.0862
5.1567
14.0794
10.7683
13.2412
21.3157
31.2616
20.4397
7.1907
8.1168
21.3445
15.1794
29.4015
17.9518
10.668
7.2395
19.4286
1.2362
1.9166
23.8207
27.5355
8.2187
5.4323
6.6838
25.2682
16.5952
11.9729
8.8328
27.9751
1.5675
5.2812
24.8144
13.5943
5.3622
31.5709
4.4395
4.9571
26.1855
1.9604
13.0091
26.7731
27.2067
31.4969
27.5171
16.1372
20.6811
15.8581
1.3125
26.9441
30.3386
1.0239
29.6606
14.2566
0.2015
14.4772
20.2214
13.865
22.045
16.0075
24.3383
19.9257
10.0442
14.4231
1.9819
14.3374
3.5535
22.0645
24.2611
24.6785
23.3556
4.3
18.6989
9.2573
14.3099
13.9744
20.1984
23.8087
9.026
0.104
9.3883
27.7929
4.6217
12.3978
12.9801
0.2142
9.7025
1.9635
4.2088
24.3617
12.9856
13.0644
27.2973
17.145
30.1013
21.3645
19.2667
23.7001
25.4845
7.2607
9.8349
6.7608
10.6211
13.7403
5.3324
19.5044
13.2018
10.9682
18.0066
5.3981
31.3476
3.035
20.6371
27.3819
6.1515
15.9542
28.6822
12.6857
6.4908
4.9099
23.3273
17.3313
11.6872
31.4978
27.5098
1.5266
6.357
30.1832
21.2753
21.0004
19.1352
24.2801
4.7769
26.1318
27.1863
6.1455
31.4484
23.3126
19.0669
21.914
31.7492
10.0479
5.9202
2.5699
10.4235
16.7327
27.3249
28.9373
20.7515
14.376
5.7282
26.3697
17.2925
31.5941
21.1492
25.7987
1.3074
21.8038
19.3017
2.8059
22.1353
16.1795
18.0134
13.5779
24.6547
8.5426
9.9026
28.3966
23.5002
30.8993
5.0202
4.8454
27.1891
0.6157
0.0986
11.0733
6.4293
31.1664
10.0589
0.5977
7.7865
1.2571
20.0261
0.4654
13.6541
3.0087
10.8739
23.1308
20.6817
14.1709
28.1453
22.3352
8.7543
7.8516
26.6639
23.049
7.8895
22.9085
2.7011
14.6684
20.38
13.5269
14.1085
11.8335
27.4322
29.1651
6.6184
23.4695
20.9279
10.7197
15.3147
2.812
18.2584
6.9147
30.016
3.9841
14.3005
24.0868
28.6773
26.9994
5.3229
15.4754
8.0824
26.4335
23.5555
18.946
28.1184
12.9006
25.2095
26.236
10.1279
6.6932
18.7981
14.7149
25.5805
9.3608
7.2329
16.7916
30.3116
30.0705
18.9981
30.0497
25.6488
18.223
24.1424
31.3555
22.7777
12.6732
21.8467
18.7182
10.4318
22.2322
2.5344
10.2734
1.4395
19.0142
30.8321
3.4782
26.4825
23.5751
19.5523
14.1563
8.7195
2.0545
19.6915
3.1928
16.5208
2.058
25.9907
9.0384
3.513
27.7553
30.727
26.2364
31.2338
24.2751
26.5038
14.8871
4.3791
15.0568
2.4921
25.4537
23.8954
10.9667
12.0941
4.5527
11.024
6.9874
8.5876
7.3246
17.1709
17.1131
28.5515
10.1104
13.4026
6.1421
7.0247
30.6514
10.8276
23.4126
20.0285
15.2326
6.2234
12.4074
19.9546
29.7733
12.0497
9.7005
31.9137
27.6518
20.3521
8.5362
26.1086
0.6588
16.2694
18.9779
28.4707
26.4308
8.8976
8.4102
7.0477
23.4339
6.2115
21.1132
2.5143
15.4216
22.3986
19.9149
26.947
15.1807
0.2908
23.4891
29.2655
0.8048
12.3744
7.4453
6.1894
19.7847
21.855
17.1772
23.7164
2.1981
16.4123
13.4607
22.8203
22.825
24.4448
23.6145
15.6629
26.2009
1.0606
12.94
31.8492
19.8569
25.3994
6.745
7.2265
0.4746
16.7341
3.4891
29.3506
23.1227
25.8461
27.4383
20.2698
6.9083
16.1024
13.8933
13.2755
8.7323
13.9203
6.654
5.1406
19.313
15.5882
4.1003
14.3154
13.9078
14.5294
20.8288
19.966
11.1604
18.4061
30.2751
8.5869
11.9861
10.6789
12.8664
9.0154
9.331
19.037
26.317
9.3557
20.1434
16.6143
18.7516
26.6806
30.414
22.2725
30.5975
14.47
14.3619
3.0319
0.0416
1.1551
11.8616
20.6981
11.9337
5.9742
1.3084
4.9422
14.3978
11.6578
2.854
31.9738
4.7411
13.2127
28.2957
13.1096
8.1211
28.9361
17.8452
3.1054
11.5939
7.6271
11.8093
30.7704
18.768
22.3701
13.107
13.7436
5.9111
8.6914
2.7617
4.1453
24.1983
11.3573
3.151
25.7481
3.2404
18.1428
8.6844
16.7429
5.0477
24.4111
5.582
6.6259
18.794
8.0437
17.6442
28.9988
24.2934
11.5726
25.7661
8.5589
6.7199
14.4724
13.2025
15.7466
31.7979
0.5894
11.5987
4.8482
25.2261
2.9198
8.021
23.4399
29.3529
10.9102
3.7147
13.4541
18.8894
22.2548
6.8281
19.5344
22.6452
18.8654
14.3764
14.6636
18.7951
22.2903
13.7681
31.5543
9.0914
31.7298
2.345
26.0542
31.7482
3.3297
7.9557
13.6298
3.5207
24.0749
22.237
2.9867
5.4775
15.086
23.4883
8.1352
24.7847
22.1731
11.4003
11.1382
17.1842
20.7088
18.2303
18.7299
14.1909
10.4934
4.8197
3.785
5.9112
3.1464
22.0062
27.1551
23.4997
22.2255
4.8166
14.3973
30.5875
28.2461
19.5196
26.1251
15.6888
0.962
18.281
17.531
16.139
8.1726
10.0435
18.4146
8.6507
24.756
14.3825
23.4651
26.4796
27.4336
4.0393
10.4503
16.6237
29.4363
11.774
1.0653
2.4056
23.4176
19.9669
9.9779
8.6019
10.9679
18.19
5.4141
10.5033
16.455
22.0421
4.9204
6.059
20.3654
15.6875
0.7492
19.2738
17.9161
13.4786
29.5504
18.5248
1.9089
3.1016
5.535
13.6849
29.5194
14.1623
8.2029
28.2408
9.1385
28.9457
31.483
11.986
13.2817
11.5394
25.8864
16.4385
20.2801
17.1506
14.0619
16.5092
0.887
4.1756
13.8478
19.3025
25.2929
7.0042
9.4605
15.8025
3.0269
0.3868
5.2656
19.6774
21.9818
16.2452
12.6971
25.271
9.6473
24.0339
27.1471
27.4396
27.5991
14.5556
22.2211
28.6674
3.549
10.2394
5.7103
11.8604
29.089
20.8517
20.9404
5.0017
8.0531
26.0191
0.5428
25.525
31.781
11.4643
16.9023
25.9039
17.0793
18.8709
26.7489
17.7637
15.2513
17.7309
11.2652
29.2881
25.5604
12.8701
24.5731
4.4875
3.2032
15.4173
10.7849
2.7861
5.2199
25.2063
12.8327
17.1721
22.4009
31.5372
0.9707
13.4166
2.1702
31.452
4.8413
27.7548
9.4187
2.4101
8.3232
13.5839
24.156
2.6086
0.567
21.5208
24.9733
25.7939
13.1587
21.8971
27.0241
17.2804
5.1689
8.4115
21.1117
1.0718
0.9738
8.7258
23.6122
12.6553
23.5641
14.7835
1.7323
24.7458
1.6867
20.4943
17.6081
18.254
13.1848
10.9865
10.381
21.7791
28.442
31.1439
0.3477
0.0954
30.7035
8.4821
3.7809
15.5723
2.415
9.9836
28.8339
11.1371
7.0116
4.0594
9.5842
14.7588
4.4426
26.4396
10.8013
30.7786
18.9755
13.3851
20.8986
30.7945
13.5415
31.3141
17.8229
21.9898
23.8826
16.168
14.4345
10.8499
14.7977
20.5883
21.1442
20.4286
19.8442
10.1794
19.4044
13.742
27.4738
16.9819
22.0939
31.036
19.3849
29.7908
18.6616
12.0328
19.0102
19.5779
13.7591
12.6445
9.9372
2.7034
22.1521
10.8208
3.8823
20.1854
20.9609
25.107
10.5179
0.1177
29.6748
9.9562
30.8927
18.879
0.4107
26.6748
2.921
10.1828
5.2563
6.0717
13.9943
16.6233
17.2733
27.5453
28.116
18.7321
16.2912
24.454
26.4464
8.2209
4.3804
27.674
2.3024
26.0293
4.4462
17.6626
26.3396
23.3647
4.0393
1.7574
11.686
20.2558
25.978
27.9257
4.6221
5.8513
18.613
1.4264
0.981
4.954
5.5707
24.3557
1.508
22.8146
25.411
3.4463
5.8014
22.2428
17.0461
16.6071
30.2697
22.0448
4.1119
7.8075
22.483
3.2626
21.883
22.3261
27.8374
11.6385
12.3129
29.0033
9.7938
13.9167
27.9709
6.8184
31.2428
3.8223
20.2533
22.3698
23.5109
17.413
16.3493
16.3443
12.6303
14.2596
27.8124
0.3338
2.8746
14.5767
10.5109
0.6429
29.7031
17.8988
7.5314
2.8419
8.5553
13.7518
6.4611
12.7198
3.4077
20.9052
25.3154
2.4489
27.3198
14.9932
12.2911
13.4751
2.3606
9.0672
21.8068
31.1071
18.1071
14.6491
24.7185
9.6593
14.8891
26.9148
24.4787
2.4123
19.1169
7.2815
29.9388
12.797
30.0717
16.5772
9.7364
13.572
2.191
18.0569
4.3014
24.7343
2.1126
7.1523
0.0247
9.8691
17.3037
20.5866
25.6025
2.7137
2.3846
17.1127
13.4052
3.1886
31.6662
9.4266
25.6683
10.8012
14.8215
15.4462
1.0598
18.6999
24.0293
5.9783
19.4642
1.6989
31.4524
21.7018
11.8729
17.3322
10.0788
1.5506
0.0995
5.4999
5.2705
8.0688
24.871
12.7468
19.1117
18.5115
29.9257
28.3922
25.1007
5.6807
10.6185
10.7226
14.0269
4.9666
31.6817
29.6252
1.9148
7.7692
16.0459
14.1058
6.0886
28.7117
16.8846
21.2518
7.7599
31.0008
27.3574
15.4592
12.5176
22.1058
2.9358
31.9556
20.0173
6.6964
24.8549
22.4271
20.0092
26.3855
2.1703
23.1607
27.0215
25.4181
3.7566
15.4266
14.7868
26.0587
24.3561
27.308
28.9738
9.8372
3.1371
12.431
21.6065
6.5282
11.0189
16.7937
28.3704
16.1379
5.8388
14.7458
26.0673
14.7266
23.1023
8.6272
12.9654
1.369
10.1268
9.7395
14.735
18.4165
2.4916
17.0432
1.1969
22.3297
21.2228
2.4875
8.2124
29.1782
18.6926
20.9835
6.899
19.3858
27.5712
2.6012
27.1571
0.5837
21.7248
23.3264
29.1065
7.0754
21.3407
4.3513
16.2286
27.5035
10.5871
7.4422
23.7646
13.6865
9.621
22.9575
6.3628
30.9304
15.8036
14.1457
7.8477
31.4518
23.4577
0.6511
8.3782
18.1292
28.5741
16.8686
22.0349
18.5539
29.9827
12.0995
21.6017
24.2147
2.6245
5.0884
30.4251
28.6692
16.974
21.1514
12.308
25.1707
22.3201
18.0823
13.8583
25.9707
9.4587
22.7448
2.2332
16.5375
10.7299
2.0116
28.6071
21.5927
22.2017
10.9186
9.9531
23.1625
12.9316
0.9864
27.5351
31.2047
22.4293
29.2569
25.5016
17.9254
29.1113
27.2462
16.4859
27.3302
0.3139
1.1442
31.8245
19.3751
18.4141
0.4947
30.4766
11.1172
11.4658
15.6612
19.2496
2.4632
27.2146
11.8381
8.5281
3.1632
22.1998
24.4152
10.4057
1.9652
28.1795
20.1079
6.2973
20.4395
26.1795
19.4615
27.8681
12.0432
13.3375
28.1584
18.5742
17.4717
5.8886
31.2618
17.295
1.6925
26.1619
0.1369
0.2445
13.7572
2.0035
2.897
31.3314
0.6819
8.8382
7.8543
17.6478
2.872
1.0463
16.8756
9.4536
1.7564
9.6575
9.7336
27.796
27.4494
6.1675
12.0314
8.0682
31.4942
0.4261
15.5327
17.0495
0.8879
28.2927
0.9136
17.1678
1.2047
28.9216
14.1099
7.7525
20.0887
20.5692
16.9153
20.6529
24.6174
11.6521
13.0227
5.1342
14.2583
6.2315
27.0807
16.934
1.0558
17.1781
9.6236
15.4812
15.6154
17.9285
6.6756
27.9504
24.2811
1.7516
1.2075
28.8267
25.3469
25.3767
15.5097
20.9798
0.3622
5.3684
15.0983
31.5976
29.0026
3.0908
31.3374
27.0696
16.3767
11.4021
20.1668
27.2994
5.822
0.5098
29.8328
9.3544
23.5506
4.4456
29.1008
20.515
20.1685
13.4117
6.7327
30.4372
24.6672
22.2859
19.3739
19.6773
2.6704
17.7497
2.4107
21.9117
1.8841
11.7085
5.504
22.7813
4.121
22.2339
4.9478
8.1535
9.7942
7.5423
17.7685
27.5796
12.9996
8.9277
23.2158
9.0745
5.1091
8.7107
26.0516
16.4683
31.906
20.9557
9.5294
0.8044
29.5596
15.565
19.3306
18.7302
21.112
10.0964
11.9099
17.9051
1.2074
19.6223
15.9935
19.0479
28.4636
5.5355
10.241
8.2033
17.0568
7.6158
24.1865
17.54
18.1092
1.466
3.9478
7.2772
24.1263
31.6086
16.9005
30.3837
13.1729
25.0638
23.734
7.6031
6.8716
1.3582
20.8616
20.9647
10.5408
20.0537
30.1933
27.1795
10.1199
31.3062
31.8456
28.0302
30.098
3.1455
2.1132
22.1751
27.7071
9.4461
5.0511
9.1028
9.3579
16.6381
16.0789
0.3175
22.4593
7.8558
7.3903
13.1716
24.808
25.1899
24.1952
15.2516
4.5189
12.6664
16.1066
29.0302
19.3018
31.6204
22.4724
12.9263
22.8335
10.5149
19.07
22.5169
1.0227
19.3759
25.4829
16.3701
11.5637
13.8601
9.2341
23.5367
17.2663
20.7296
1.3237
3.5435
4.0622
31.7504
18.2181
20.0152
10.066
20.4525
22.1249
28.8467
6.9439
15.2855
4.6225
19.5887
28.788
10.1123
11.2441
20.8063
6.567
26.8868
23.4352
12.1172
12.9337
21.5352
27.7922
13.1236
11.6391
9.7823
16.3307
24.2752
15.9079
4.6087
28.9834
0.3444
16.2446
18.5737
30.9884
17.8206
18.6058
22.2486
18.2342
10.1012
3.1523
8.348
8.7335
23.8937
11.7213
2.598
17.5006
12.5125
14.6061
26.9012
29.1496
2.3527
31.0154
1.9259
0.7498
23.8248
3.4166
3.4305
19.0317
7.24
14.3415
0.2255
30.6122
14.9811
14.8176
1.9425
2.3848
12.0396
23.4038
8.9257
5.1202
14.7327
5.4769
22.5157
5.0483
1.1006
23.225
7.9382
1.6578
15.8127
13.184
3.0511
22.3329
30.3029
1.4164
28.4309
12.4854
2.1997
27.9462
23.9306
10.6824
4.517
2.1402
3.7823
5.565
6.6949
23.8417
19.3653
27.7465
30.705
3.8404
19.0981
24.7631
19.2114
4.5553
25.0817
17.2648
31.1704
30.9569
3.7497
25.2368
27.7761
23.2399
27.8724
25.3802
7.6949
1.9716
27.8641
13.348
19.0608
7.2416
0.4685
25.6224
6.1173
0.1249
10.3914
26.726
1.6885
11.2847
6.9773
10.1619
15.0587
0.4149
2.1057
24.6803
27.0229
0.2198
23.4098
8.3424
6.7214
9.4671
22.6928
10.6159
1.3031
6.8007
1.173
2.26
17.4495
5.8865
25.5301
5.427
29.7643
18.4809
9.4949
31.0219
23.529
6.068
23.2516
16.4136
31.5873
18.4989
10.0919
22.2378
27.9277
10.8914
27.4101
9.5819
3.2001
24.4733
28.0913
1.9951
9.7362
16.0248
22.2312
5.8327
17.3374
15.417
10.5475
31.4791
8.7004
25.1057
20.9333
16.5438
12.2016
15.0112
28.6035
22.3533
23.4266
18.5951
13.4647
14.1777
3.545
16.4851
5.8247
20.4395
21.3814
6.4118
27.931
23.3102
0.0496
8.5466
29.5603
8.7745
21.6848
22.6162
31.0322
17.4113
17.725
0.0843
4.7191
10.1977
1.8769
4.4346
25.4079
21.7917
20.3351
13.7715
28.7844
28.9602
19.4169
6.931
19.2969
31.2822
2.5909
28.9649
18.6182
30.1664
20.3415
7.2418
9.9609
17.736
27.4199
7.6815
17.044
19.606
15.4541
2.4525
10.4925
12.1048
0.2594
31.5201
12.0394
21.6933
4.1386
29.9393
7.0523
14.3163
22.3638
9.4556
29.3755
11.5998
5.0951
17.4564
10.7272
30.7814
4.0815
10.8906
30.3828
6.1209
14.7576
23.0233
15.6467
29.4376
16.0613
31.4915
22.3004
15.0729
2.7664
17.8994
12.5214
27.6957
20.587
23.012
20.5274
2.2852
11.5061
25.8966
24.5569
4.1431
19.7851
16.2735
28.4164
2.7806
5.2338
15.5991
8.0964
11.5348
29.4174
4.1343
19.8577
12.742
13.4189
17.7665
11.2089
4.6438
28.2666
15.1963
7.2944
18.3259
24.6971
10.323
27.6631
27.1883
19.9205
6.8905
26.7234
26.0633
25.2428
27.1746
21.7801
30.6915
2.9763
0.675
16.8846
19.6524
1.3463
16.2296
0.3199
23.0257
1.445
28.9824
30.3659
21.6475
23.0377
21.2244
30.2639
11.0474
23.8646
23.0238
5.6178
17.3294
13.8575
5.0108
9.0867
30.2204
23.434
28.7309
8.2931
10.1799
21.0475
22.0561
22.4559
21.6834
10.2147
15.535
31.5879
21.4587
14.2689
0.1375
22.1819
26.5168
23.3146
19.5783
31.0564
2.6782
23.6311
6.3584
25.7877
17.4636
5.5998
1.833
14.2131
6.2081
12.2962
11.5774
13.2851
19.7344
11.8201
31.3312
15.748
15.0051
0.2182
22.2377
19.3546
6.912
10.0202
20.6963
20.9004
19.2274
15.9579
28.3805
0.2006
10.197
30.8338
8.6237
5.046
18.0567
20.7737
7.6288
14.027
16.6495
16.9919
31.4088
22.0253
12.834
15.7293
10.6598
21.9509
18.2298
9.5488
18.4707
3.654
1.442
20.4656
17.5739
26.5814
25.6161
11.7376
19.8386
3.7151
12.9686
19.8396
0.1484
14.4272
22.5283
1.9643
28.8176
29.6352
22.914
10.8416
30.8912
9.8269
2.5656
29.0144
13.3905
9.9093
27.2956
31.5178
10.5388
4.2761
28.2984
19.1195
17.7036
29.474
25.5971
29.4826
13.4239
0.5068
4.531
4.3762
22.2266
12.544
10.506
11.0018
29.6746
16.5662
1.4643
2.6046
15.1631
11.1536
13.9213
28.7839
17.7434
1.7393
28.2403
4.0453
8.2347
14.8328
16.6373
6.6958
24.3986
21.8432
1.1116
11.3615
29.2536
12.8551
3.6704
4.1158
2.7949
16.5693
0.8899
3.7831
17.0061
1.4471
23.9434
14.478
25.4916
1.2011
14.6157
13.8768
30.4726
8.515
12.5589
3.3883
11.743
29.5294
20.7992
22.7327
4.5094
9.6051
30.3568
5.2305
8.6158
16.4621
5.1529
15.4867
11.4135
22.4027
22.0337
31.2841
15.3435
25.2576
30.2987
17.3022
30.1723
2.2664
20.4369
27.8606
22.3088
11.0804
8.7009
28.7592
7.9466
4.0472
25.5527
11.2769
17.974
9.628
7.2302
21.1477
24.9892
2.0803
15.603
17.7042
19.8383
29.4367
14.2788
25.7959
10.2483
0.2779
26.0507
7.0267
28.5609
30.6458
25.6691
0.8929
8.7784
20.4695
2.0852
27.1406
9.1
22.7538
5.6788
22.7929
21.4485
20.9676
12.3721
7.4203
8.3263
5.4543
21.1641
11.5526
17.3747
19.8766
8.1066
6.3511
22.3643
0.3419
12.2787
6.5943
8.2908
31.9804
26.1695
13.3716
22.461
21.7278
21.6536
16.5828
29.826
7.0651
17.0097
25.442
10.9822
7.3393
28.2261
12.7494
18.7403
19.5382
15.633
29.8866
11.6078
24.2043
25.9148
16.0604
17.3145
7.3319
21.0165
8.5562
1.9378
12.3782
31.5953
19.8631
19.9824
23.3936
27.513
19.3
12.3449
13.3814
12.521
17.117
1.4608
4.8813
29.9084
10.1541
1.6867
27.7188
11.1085
0.6991
24.715
26.4842
17.4254
3.069
29.5937
22.5433
25.4602
4.7179
8.8456
15.8951
29.0234
18.5122
28.8136
26.3614
31.4983
6.5588
7.1472
27.7207
27.466
29.9839
29.4239
1.3885
23.2317
1.5692
17.3974
18.8131
25.6426
29.8188
24.5063
16.042
5.1325
28.977
5.0864
9.5103
7.288
20.0461
12.3107
18.0959
27.7009
20.8925
8.6754
4.2353
23.9784
3.647
19.9528
31.7669
1.4284
9.758
29.2213
30.1985
20.6113
9.2984
12.7545
19.7255
22.0006
18.2423
1.728
13.2563
8.7152
25.0658
1.4907
13.869
11.7444
19.6206
6.549
0.4187
29.33
6.1569
30.9868
29.6866
2.2009
10.5478
27.0678
27.6024
0.6587
27.0484
20.8617
22.1262
25.4812
1.4301
27.029
24.8887
13.7938
26.3488
24.0263
14.0237
14.139
4.6284
31.4893
16.6154
21.2529
0.6295
10.1229
23.3947
9.0567
19.1344
28.5011
26.2008
9.9671
9.7937
5.6665
2.1564
14.815
14.8331
15.3776
2.3504
11.4671
28.8989
4.0975
23.9811
8.4172
7.3002
29.2563
23.1027
13.8526
2.8715
12.4509
16.6621
1.2693
0.2001
6.8094
7.1396
17.6348
16.3411
24.0805
23.1602
25.7109
11.1025
0.6715
25.3152
5.7917
10.0986
17.8743
4.6906
21.3739
4.7974
23.4084
31.3833
30.6784
0.0
8.7676
31.968
10.1821
24.7881
9.7888
18.5269
17.8778
4.3856
8.9505
4.695
18.9068
26.9823
24.077
22.4554
31.8907
6.7444
15.1286
17.1697
23.0973
30.2538
10.632
28.0589
22.09
24.8117
31.2031
27.8251
24.7618
21.9276
0.9011
12.6455
21.247
16.7581
27.5147
30.9831
22.3692
16.4724
31.6565
21.7177
6.9715
8.6335
24.3331
23.3289
20.5938
21.8973
14.9035
18.9409
26.7079
23.0755
13.3116
23.4443
19.0638
21.0289
2.691
13.815
11.3614
29.4345
31.045
0.8596
13.8148
7.926
1.7716
12.8726
15.1345
18.821
29.8249
4.8594
31.8016
31.3981
5.8348
14.3469
17.6871
29.7106
14.6082
22.9837
23.4292
7.416
15.6203
27.7171
19.6956
11.7795
1.4756
24.123
11.0333
31.5592
8.2699
10.1282
9.75
28.101
14.6817
15.3212
21.9028
30.886
31.8857
5.9023
7.1888
30.1047
12.4049
0.5476
5.9761
23.8785
31.5268
5.5531
2.8616
18.2231
22.9168
16.6254
1.3733
17.5302
0.0541
13.0929
23.0872
9.4917
13.0421
29.822
15.8779
7.4873
5.3432
3.1825
16.5334
1.2049
20.5301
30.8791
23.8992
20.8111
3.0313
10.1419
4.3547
20.0204
6.2877
18.0092
30.2853
12.8775
18.1937
30.7836
29.1464
31.4491
30.1311
20.2966
17.8942
16.2914
14.7699
20.3053
16.3554
29.025
3.8281
1.068
0.4914
17.1656
22.8842
6.0191
20.1632
26.2512
2.0758
12.7663
8.0046
13.072
29.7413
9.5003
24.9504
30.7704
0.2416
9.8592
15.5869
10.8229
22.9722
0.388
29.225
26.3922
23.4587
0.0434
5.523
18.0375
18.9565
23.8038
17.5456
21.1114
12.8655
11.1905
1.1705
24.6285
31.225
9.4344
5.3272
9.8832
16.2659
21.5357
12.0648
11.3082
8.0648
24.2362
17.4171
5.379
17.3395
22.509
4.389
27.5527
1.6619
27.2173
5.681
1.2436
30.8221
20.7219
19.8747
4.4856
2.6372
30.1489
10.0165
1.4819
28.0968
28.1837
8.7357
21.2516
5.2215
2.5293
23.756
16.5994
20.3951
31.9277
1.8432
4.0713
20.1558
9.8761
19.974
31.8669
17.8912
7.0451
15.7976
21.5606
29.5833
14.078
9.6579
26.773
31.4605
2.0903
28.7677
14.7117
19.536
8.4001
28.1251
23.47
20.1223
2.4647
7.7701
24.2731
18.1873
10.5956
14.2396
19.8623
5.5488
13.6174
4.8742
11.7906
22.4495
29.659
6.6902
31.0912
0.1613
6.3595
0.4249
12.7688
3.0444
10.7438
16.4527
2.164
3.131
18.8316
19.2673
8.2617
26.9257
21.9586
31.9316
12.1829
6.9664
7.2914
11.9933
11.9169
19.1002
4.0445
8.5275
1.6717
20.6995
1.047
5.1395
16.0819
9.1678
9.9767
22.6328
13.6126
14.6937
29.4702
10.4923
14.1867
22.1028
1.5915
5.0195
5.1212
21.9816
12.5314
23.6093
20.0161
22.2458
19.1742
26.1191
23.9031
17.0631
26.0713
2.6796
2.1977
29.8674
28.8881
2.3708
5.6422
26.0513
9.9352
10.4339
30.3031
7.3016
19.3531
17.2517
20.4976
22.3315
18.4166
3.5487
19.4971
26.5789
10.4547
14.9581
4.506
16.4487
22.1074
31.7575
30.8207
4.5405
6.9401
25.2817
17.4836
19.8487
6.0646
31.0042
2.9205
30.5891
30.6858
3.8397
12.4586
17.62
21.7735
9.003
18.6975
5.1243
24.904
28.6905
7.3456
18.5645
5.1833
21.3933
9.8651
3.4283
12.0558
14.003
20.2366
15.8651
8.9595
13.4889
15.3984
4.5399
24.3925
10.3193
10.5493
7.5202
23.6702
30.4815
22.3359
5.0237
2.0423
10.603
28.505
19.902
26.7147
29.8732
24.9232
28.8826
14.326
8.9702
16.0347
0.2615
26.2147
19.0368
20.7438
22.576
0.8151
16.309
25.9356
15.7101
3.4507
19.2108
29.8918
17.3153
28.0163
14.225
24.1752
25.966
27.9763
15.5818
19.5156
13.9251
23.6803
24.1825
16.4406
22.6353
19.1535
30.8036
1.372
1.9356
5.1362
16.895
25.7596
3.2551
26.5246
3.6024
23.8958
24.5026
4.4706
18.6277
14.9512
6.8867
31.2567
1.64
4.4492
2.3041
24.0318
30.6532
21.7125
14.2495
20.1649
8.8405
10.2239
28.7381
2.5006
29.4814
4.9854
5.5723
8.8039
1.3217
27.3489
24.46
11.4617
14.1678
31.2407
12.5019
1.0458
5.8581
8.1068
1.1398
1.8526
2.9638
8.3223
12.512
15.6004
20.1467
11.9414
11.8889
17.3005
17.0831
15.9132
6.8508
24.9482
28.6368
1.6324
28.4121
10.2937
23.4619
4.5995
31.3018
3.5384
23.9432
6.526
23.6481
31.0618
20.7249
6.7776
16.2129
17.5741
6.8181
8.9415
8.023
2.0696
4.891
5.2675
2.9107
19.5692
22.8585
21.2858
28.2437
19.4361
24.5899
6.104
1.1951
7.0478
17.5735
11.3418
3.3676
4.1293
14.3232
8.4714
4.6403
3.962
27.2779
10.6201
7.0829
29.1207
23.7227
17.1955
30.7098
23.4495
30.1315
4.7016
8.4143
16.7049
0.1285
31.8703
20.7882
25.8762
13.2671
9.1346
11.6915
18.8233
10.0523
17.799
1.8829
12.327
28.7217
30.2685
14.5529
23.7225
28.9366
31.5985
27.1277
13.4462
30.1954
16.8793
12.1227
22.4463
15.0715
12.3985
20.619
21.3938
10.1659
7.7047
10.3088
17.1675
25.6742
21.0069
20.0613
24.0003
8.4128
1.1638
9.3919
4.3251
5.0179
31.0911
26.6205
6.5601
19.8858
4.024
26.2694
5.5718
25.3811
11.5979
6.7662
7.6102
3.1766
27.8008
28.4124
2.6425
12.0271
17.0896
24.788
27.7013
5.629
6.9032
22.875
15.9437
10.9005
10.489
29.3444
28.2651
1.0183
26.2217
14.5038
29.4915
14.4112
0.0351
27.1636
3.9456
13.1583
25.7002
20.3904
4.4431
9.5916
24.9618
1.7413
28.0277
8.9732
7.7532
15.5148
2.4746
12.0
17.8874
28.8359
29.2735
14.538
25.2046
1.4417
22.0014
25.3976
12.5767
12.3741
28.7506
2.9836
31.8997
1.4131
12.8808
20.3429
4.5084
29.9221
18.5389
29.3712
21.5884
27.3756
14.4159
24.0263
19.3907
29.8482
17.9896
16.913
27.1608
6.309
23.3495
2.0591
6.7273
4.5837
19.9129
24.3388
26.9149
20.0834
11.08
29.2207
13.3129
31.0121
31.1348
23.2785
6.9141
16.4295
31.4422
2.9939
4.174
26.0921
6.3354
28.8352
9.6225
29.7929
21.186
13.9047
13.2801
20.3554
0.3699
20.3833
25.0817
3.7002
7.6375
9.9004
7.0181
9.7192
28.6342
17.1873
8.6738
5.0939
21.8205
1.5402
26.8694
31.1858
1.868
13.5106
21.7575
21.8986
31.7224
8.0244
14.828
0.3777
18.235
16.8507
6.9817
27.8124
7.1154
12.1601
24.6963
22.9076
22.6363
19.6322
15.1515
31.0504
19.0969
4.6678
12.9161
5.8376
19.9641
7.8371
6.8713
25.2797
29.9953
31.2972
13.537
24.4046
11.1778
24.7998
16.2147
6.7537
8.3177
19.1986
20.6478
23.5875
27.3363
31.2624
2.4087
20.2525
16.0224
24.9728
30.0297
27.2275
23.4137
6.5659
2.4521
9.6948
28.6375
25.3006
18.8297
24.758
25.4933
31.7047
26.8249
20.3006
12.2101
24.31
29.5866
9.2819
25.2365
15.2544
23.3685
25.6314
18.4266
20.606
24.5945
9.3784
6.9998
11.3268
15.728
1.2275
7.2199
10.8404
21.0006
5.8074
4.3398
10.4813
8.2661
23.8447
22.6231
11.6271
24.0726
26.9021
21.2456
23.1451
7.6393
31.1992
24.8165
0.8517
21.736
16.7476
17.9709
1.4471
3.8087
7.9505
13.7754
4.1453
16.8071
21.563
15.2118
23.246
27.5874
23.9588
27.2991
18.0238
31.8798
14.9079
5.9616
29.5382
17.4342
3.2153
12.1378
27.8089
12.6074
29.6372
7.4224
16.9904
20.6706
13.8366
28.5535
11.0019
4.6789
17.7638
24.9563
11.6236
8.389
17.7692
3.2889
8.5756
9.8573
15.9667
2.3078
20.851
31.9572
19.0902
25.2766
1.7625
16.9754
2.3743
24.6139
11.6172
15.2189
30.8957
29.5235
30.5412
4.3541
22.2468
23.7186
0.3108
30.7145
21.6496
8.3839
31.5017
19.7779
9.706
9.0314
23.3217
20.9763
22.5984
14.5734
15.4115
24.9205
19.7685
5.3536
22.6581
6.7868
20.258
22.2246
13.453
18.5505
7.8482
4.063
31.4965
22.6661
24.7272
1.5999
28.5368
31.7473
9.645
2.5812
20.6215
26.2362
23.7667
1.9158
28.5264
30.0605
26.5674
21.2892
23.9433
6.0868
8.7307
15.5636
21.182
16.191
19.6515
12.0413
5.4414
8.0781
1.7174
19.2751
7.2316
24.1149
0.4279
11.4169
18.1632
2.4304
26.5174
28.7559
27.7595
17.1622
29.5179
26.6462
4.1656
15.2826
17.2912
28.9276
1.7735
16.878
21.1392
4.0454
9.8129
9.2933
6.5232
11.1434
18.7733
31.6446
6.551
10.4204
16.9724
18.5242
17.9145
19.6108
28.0943
14.196
31.5393
25.0831
11.9015
18.7282
23.2538
14.0871
11.205
18.4996
9.7532
21.0949
1.831
8.4484
16.3582
17.7022
8.2679
14.5322
8.5643
11.0475
18.7406
24.9585
13.5529
16.3002
6.7093
23.6781
28.8468
1.1864
26.4598
10.063
30.5229
30.8694
21.6883
27.5587
8.2174
1.4731
15.3256
14.2483
15.8559
31.0269
22.8557
20.243
2.0018
14.9259
28.8965
2.1151
31.6755
14.982
29.5618
16.7218
24.1845
4.7757
31.8904
19.0269
11.7973
12.6916
8.6713
18.8692
11.7255
10.9711
16.9238
30.9943
9.1239
10.6986
25.0052
31.6133
1.9909
17.9494
3.3576
16.7284
11.8814
5.6001
10.8005
22.1275
17.4206
23.1998
12.1917
5.1654
30.9138
6.9929
7.0501
16.6144
1.1972
25.2645
25.7849
1.9627
16.6448
10.4115
25.3687
12.6415
20.0961
17.133
3.2603
31.4798
17.5927
4.5973
25.9933
0.629
6.6215
9.6279
15.4017
15.4188
3.1273
3.8069
6.5047
7.618
11.9293
8.3101
1.2515
21.3775
14.7889
12.9108
23.5666
27.3509
5.4354
25.5912
23.9482
23.0246
18.5585
1.2014
16.0575
20.7308
29.1166
1.5023
29.0535
6.5965
12.4696
24.4569
11.9334
16.4824
11.1262
26.7842
21.3907
28.4973
12.3184
24.8534
29.9211
22.4945
6.4466
18.1494
15.255
11.9467
29.7918
17.1494
15.5247
7.5656
29.907
1.3764
10.1881
22.5152
26.42
30.2916
23.3792
1.3322
27.2033
6.0019
4.3829
11.4749
23.4952
25.5744
13.3573
27.619
2.5932
19.6592
23.7001
5.0815
4.0182
0.5522
22.0474
1.9673
18.6233
11.2256
23.4967
13.2495
13.2925
6.6155
6.3064
13.2495
8.7563
7.7597
25.5249
21.8651
15.4574
7.7963
13.8235
23.4093
16.1404
28.9323
24.0028
26.7401
25.6939
13.5279
3.6363
11.3395
21.4027
3.864
11.7081
12.8086
24.4094
6.677
9.1692
26.7996
1.4116
15.4485
29.7564
16.1967
19.4124
16.628
12.9181
24.5747
20.0176
9.514
18.8669
12.1861
21.7591
24.2382
8.5525
2.964
5.6244
2.6657
0.5027
9.7962
25.9729
31.7491
8.7044
13.3937
13.6002
14.0294
12.7442
1.2783
29.207
7.1192
9.4078
13.9765
7.2142
16.3358
29.0753
3.4638
2.2359
2.3977
3.9348
8.4512
16.1091
31.9112
19.5912
1.0507
11.5415
8.4981
6.7497
4.8513
19.3652
3.6017
16.7881
10.3327
13.8696
24.7664
30.1561
30.4456
4.8378
27.4447
20.0953
29.9709
4.5015
20.8734
30.6293
1.7489
30.687
8.3586
11.2117
9.1506
17.598
14.0993
26.1445
12.9245
30.3757
13.0429
16.9909
2.6613
3.2379
21.7379
2.1097
18.4837
22.9111
3.9632
0.2853
31.1677
25.8194
6.7663
31.1283
16.403
24.5846
20.3437
8.2951
31.0462
19.5204
22.37
25.4447
2.1812
13.6635
23.8649
28.4597
9.0026
0.9665
23.4988
11.4623
2.4412
27.9637
31.9755
26.1969
17.3337
11.7007
11.7342
8.9735
30.6818
11.8189
1.5961
6.458
13.8266
28.8846
26.4537
29.0059
19.8935
30.3544
24.7705
28.8689
11.0221
18.1137
3.239
3.067
29.1223
3.8246
21.3461
26.8086
27.4394
25.9347
1.8284
7.7237
19.2381
16.023
22.1233
22.5102
0.716
20.7149
8.4226
15.0346
30.6586
15.7802
18.7937
28.5123
29.6816
28.6559
2.9911
14.7186
2.2605
18.4473
15.4758
15.5446
28.9057
28.8689
9.7526
17.9501
13.2927
18.3977
9.7847
22.7754
18.332
31.6819
11.1717
12.0595
21.2254
0.1257
14.3252
16.4158
29.4763
8.7359
5.9202
28.5019
12.8836
14.3474
22.2335
30.5565
3.4679
27.5213
27.6907
18.7145
18.6706
15.7319
31.6298
0.9365
12.7264
17.3223
2.2669
15.8551
10.5358
29.3366
18.4404
28.012
19.803
5.3721
4.1699
29.5462
13.8033
9.2203
15.0676
16.6022
12.1991
17.9175
20.6396
23.3848
11.7426
20.5482
31.8983
23.6232
18.8251
11.9179
28.1959
20.043
26.1354
25.8899
22.1944
28.6013
21.179
7.3512
6.1537
16.7049
17.5986
21.1559
1.3652
25.8397
28.8348
22.4758
4.9328
29.3398
24.1673
4.7805
22.241
3.0979
22.9858
3.3176
10.1139
14.1202
15.4016
23.7138
27.9274
2.3698
23.0822
13.4156
21.6233
14.0586
10.4502
31.4833
3.3605
0.428
6.4199
0.9512
2.8294
20.2973
3.3312
12.7968
8.4037
10.8954
20.585
29.7367
10.8785
13.111
17.3005
1.1904
21.3738
18.993
11.025
27.8573
21.2176
0.9035
24.7712
3.0107
12.9085
28.4833
28.3009
8.6774
29.3715
29.3774
22.7549
27.8561
3.597
10.7323
28.0349
9.5929
3.1944
8.869
12.187
2.0346
21.6901
20.0967
21.8245
16.6076
11.9495
1.0824
23.0126
21.5316
5.7717
20.6123
1.9172
0.8081
2.5522
17.8009
0.3828
25.5311
0.5053
13.9311
19.1158
23.3979
4.9878
21.224
26.5601
22.7882
24.5305
21.1913
25.4644
7.6583
16.1666
13.5444
1.7446
1.7033
28.986
15.0775
9.0216
2.5891
10.1623
26.7735
17.0005
4.6419
22.7206
26.7651
18.6365
27.805
3.4779
4.9535
8.405
16.8113
19.3879
18.4553
5.3368
28.0608
12.1968
3.5867
2.3556
7.2586
12.0698
24.2864
21.1672
27.6725
30.9238
0.8049
25.1652
16.398
15.961
12.3887
28.967
24.1881
24.5362
15.5006
17.9135
7.4012
30.0666
29.6349
12.2703
26.7801
27.6813
24.4065
3.4226
16.6285
28.303
3.2905
0.1371
31.8483
19.415
25.6317
23.3458
12.1518
9.3573
14.0661
29.3184
31.6979
17.5055
22.1085
12.684
2.067
3.7387
22.2821
14.9884
14.3091
7.026
11.7752
15.3737
1.8084
27.5204
8.586
15.1334
30.1632
2.3549
14.1668
3.5168
31.3701
23.7865
6.1483
10.9099
23.6088
19.132
14.0637
30.3794
5.6974
3.2536
4.1971
3.5661
10.0451
27.9906
26.6806
14.9454
26.1436
5.8533
13.8431
14.3949
30.5036
23.4779
28.922
12.5864
14.8115
4.6105
9.5856
31.3049
16.6904
21.5533
13.0698
18.2196
7.0886
27.4942
10.2381
15.0907
21.7987
3.6809
15.7436
14.2996
28.2913
26.5762
10.0869
2.336
0.8798
23.72
11.4772
31.5733
1.3764
16.5647
15.5476
14.7592
14.223
29.646
30.3753
23.6979
5.8605
28.8713
2.3493
31.7592
4.4492
31.9164
7.2693
25.5198
6.593
7.2117
17.812
26.3701
16.4443
15.8416
4.9945
21.2139
11.4379
13.3832
15.4552
5.4958
3.0292
17.2741
3.8779
17.2825
14.9295
2.7813
3.5606
18.3118
31.2058
27.8379
5.7079
19.1748
12.1438
21.3825
22.1705
15.2501
26.874
11.1263
4.2784
25.5729
1.8802
4.4884
17.9244
26.4927
24.3859
13.9356
25.6702
6.8439
11.1193
7.1112
30.3138
25.7442
18.2462
9.8633
4.7135
31.4123
2.7795
21.3906
31.5304
10.504
14.9265
30.6419
21.1384
6.7819
1.4618
26.7391
21.2975
11.1892
25.6636
17.673
4.4632
1.5231
8.8293
26.7278
20.2782
16.7142
8.6538
26.3866
26.3871
3.7497
9.6694
15.4959
29.1527
0.44
24.3517
13.3633
12.2962
9.4519
13.3148
0.1804
22.3383
31.4798
28.2712
19.651
28.7602
11.9133
3.8218
22.9139
25.711
2.2923
18.5785
1.3074
19.5154
14.8425
26.644
6.7913
8.3216
1.4978
5.109
13.8772
17.7393
24.8172
18.7149
23.7271
21.1837
4.658
1.0824
20.1692
19.3856
29.0994
27.8332
20.126
14.3484
8.6053
23.37
3.311
23.2541
5.373
6.3126
31.7434
22.3489
19.8187
13.5734
24.5764
31.8868
10.4939
23.6518
19.3668
13.6021
7.5525
14.307
26.728
25.6335
28.6539
25.647
27.1784
30.6124
30.7879
24.4341
28.328
23.6396
28.0637
2.8983
11.3126
12.9768
29.3251
10.4584
18.4737
1.7949
13.2447
13.883
23.6834
0.1522
9.5437
1.915
23.6168
27.6834
22.4897
14.9869
1.8991
31.3764
16.648
24.7454
26.6843
24.0958
13.0381
17.9378
5.6089
2.1684
24.7173
26.2112
9.0519
16.1673
12.2522
27.8506
10.3586
1.0017
19.4628
14.2426
17.3734
12.728
2.8405
16.9051
16.6717
20.2777
6.0851
0.4497
26.3565
30.1873
3.1009
28.4168
1.0263
22.613
22.8464
11.0456
2.582
6.2831
25.8797
14.4301
10.2259
1.9478
17.5859
23.8634
14.174
13.0737
1.9321
9.9698
21.121
21.2621
20.2411
25.4166
16.7665
23.2782
15.1282
8.2595
30.6205
11.6477
21.5459
25.997
22.0591
29.946
6.8323
7.152
13.6793
27.4556
2.2476
13.8038
28.3628
18.9912
1.9885
9.6441
1.7259
13.3681
0.7739
8.3541
2.463
28.0477
13.3498
20.0207
9.8609
24.5364
1.7274
24.5599
14.7947
17.6007
9.4738
0.5432
5.2047
17.0124
12.5367
7.622
15.4751
17.3317
26.7192
6.148
3.2314
29.4479
25.4221
29.9882
25.1119
17.8475
16.0088
0.9057
31.0079
25.2282
13.7323
25.5949
5.0426
8.9924
9.8438
6.2158
13.873
14.3769
31.8734
25.2814
30.9949
27.9795
23.8499
12.5858
23.9546
6.9848
24.5477
9.0554
20.0415
17.8421
23.9907
4.2823
21.3131
16.4626
12.7091
9.3929
25.4472
15.2574
16.6534
16.6763
1.5268
28.7821
11.5691
24.3463
5.2532
13.7366
0.7547
25.9595
27.265
0.3391
21.7163
6.7183
0.0783
7.0895
8.6902
27.4549
18.24
2.5217
2.0289
5.6233
11.1031
20.7237
23.89
31.1335
26.4051
26.4001
18.0289
17.4131
9.0392
23.2676
11.978
6.8929
30.1648
2.9007
2.7934
28.6383
12.4208
6.9815
27.6361
18.8165
5.5042
2.9461
21.4899
29.8096
17.9217
2.1244
29.9699
8.698
22.0296
9.4545
11.93
13.7642
31.5652
8.2461
10.0152
20.7163
25.533
1.647
3.0476
11.587
4.5898
6.9706
6.7287
15.4926
27.8577
13.7023
24.2796
14.4705
19.0321
3.1855
18.0475
21.9683
31.4917
31.4639
18.9917
18.2232
25.5749
2.9752
10.2516
23.1783
1.6325
7.7687
25.0817
13.1477
16.853
19.4163
6.731
11.6123
16.0473
22.37
1.1435
16.5102
21.5309
5.1389
3.6357
4.6585
10.0186
9.5446
25.0504
8.2999
26.3283
16.945
28.27
8.5927
12.3525
7.9084
10.0995
5.5551
31.1549
16.3133
7.0755
3.7436
31.2865
10.3499
16.0093
30.6062
9.1329
15.6352
23.5424
13.8168
3.8505
24.162
25.1387
23.3106
22.8222
11.2766
5.3209
31.2702
22.8917
22.1515
9.9232
0.7019
13.2937
31.0343
0.2151
7.2684
13.9695
10.4329
29.5018
0.2654
25.813
6.9666
5.557
30.8516
1.8052
20.3499
5.1746
16.2807
30.7439
28.8521
19.1851
11.7453
14.8371
30.6054
22.7378
21.8348
8.3592
25.2291
4.351
2.218
0.7637
14.3107
15.5789
28.0894
10.4245
1.7043
18.3872
14.0597
14.1052
1.819
30.5556
13.3409
30.0589
29.903
16.7378
23.3182
9.0577
28.0564
14.9264
25.6131
2.2298
29.9037
11.7812
8.694
0.0227
2.5172
8.4066
28.5658
31.0428
10.093
21.5554
30.7547
25.1417
7.1166
29.2417
23.1685
2.7776
30.1295
25.3033
24.2225
20.168
6.5527
10.9854
4.4523
6.3511
15.4333
29.9162
28.319
23.5423
3.9506
4.9887
3.4206
8.6102
18.2208
4.9877
25.8047
29.2877
25.4622
5.4011
6.7276
29.8995
8.5074
13.836
12.7164
25.9487
6.7829
14.7524
28.8309
30.1457
10.7496
29.1642
24.7873
19.3348
7.9939
18.9417
23.3277
20.81
28.374
5.0724
19.5113
9.6103
13.2858
30.3335
16.2092
13.9917
9.4336
10.83
5.23
20.2929
8.3844
0.9188
26.8492
23.3775
15.4008
0.6364
23.9162
13.8984
6.9683
18.2461
1.2859
22.3506
16.8585
11.764
1.2174
4.2678
24.5335
17.5038
18.5306
30.6152
15.9365
7.9262
18.8004
26.006
19.844
22.1059
8.3104
30.7636
27.6894
18.569
25.6338
5.1825
18.6255
9.3898
21.4463
0.4567
28.9855
28.2785
10.0161
21.1506
23.4783
25.9347
7.5782
26.3893
6.733
14.6376
16.2594
6.4076
6.8685
20.4954
21.3445
6.1219
5.0984
25.2818
28.2701
31.2472
1.6958
7.3664
4.8763
22.0895
16.1467
10.356
2.8069
7.9244
5.2275
2.0829
24.4018
22.8768
0.2863
19.3674
6.5392
29.1505
12.6031
6.9204
24.9621
18.3397
19.8794
16.2754
19.1285
5.5901
7.7028
3.2357
6.141
29.8673
28.7134
9.152
19.7671
19.2561
0.0914
12.8028
7.9406
10.3313
24.0269
20.55
6.7196
30.2373
30.6268
12.7513
24.8844
7.1896
4.1568
11.1908
23.0418
12.918
0.8518
1.3944
24.6633
23.6518
23.7507
9.5164
10.578
15.1415
6.1699
16.653
10.2814
0.4304
25.1085
26.1345
15.9006
12.7507
14.2561
10.3199
5.8528
9.5942
3.2748
3.5992
18.4907
22.4074
30.7667
6.2112
7.1968
10.8826
15.6912
16.7147
1.0646
19.115
19.8592
27.4429
29.1166
1.4972
29.1776
10.8557
13.0467
11.4962
28.8421
9.673
4.9497
9.8125
4.2481
29.9487
9.3709
8.4947
19.278
6.0568
12.4987
29.2921
12.3617
19.4616
19.6907
30.0612
20.9929
21.0832
17.9347
22.0131
19.9818
14.016
19.8031
12.5753
20.8355
22.6142
11.7877
4.262
26.4705
25.0759
26.4238
0.5218
21.0529
17.3187
13.8521
13.1089
20.707
28.6872
27.6483
3.1563
11.0484
12.0162
11.9869
15.9941
14.166
28.1894
13.7418
10.4779
28.8605
29.8144
6.918
24.0735
3.756
17.4198
12.8988
17.361
19.9362
19.1858
31.3519
16.5755
0.7878
4.48
4.3603
3.7025
4.1839
17.6421
31.3649
18.7379
15.8625
1.4207
15.9396
5.0916
2.9787
31.697
23.9809
17.7934
29.5361
9.7915
18.8088
4.4303
19.5646
29.0604
20.6543
1.8824
10.0999
13.1888
12.5816
13.5236
12.3993
8.6008
19.2291
15.7523
16.8822
9.044
16.8046
19.4018
25.4058
10.0956
28.8937
25.9613
1.9821
1.7093
21.5961
21.7629
5.3794
12.1635
1.4954
5.8194
28.1727
13.6765
28.5154
13.0331
17.4488
9.2886
29.0934
28.3119
23.5123
31.2297
14.0028
20.4838
8.3282
12.5024
7.1046
3.0076
11.4679
31.2028
16.1333
15.8704
5.4053
20.7585
11.2924
11.1405
5.7835
9.3703
8.9664
30.6717
8.1346
30.7801
10.9171
15.2382
2.2598
9.1704
26.1251
19.7192
1.2623
6.7953
4.718
26.3213
12.8411
4.7613
6.6026
3.2136
19.4688
16.1029
20.1027
7.2024
5.3906
21.7778
7.3426
17.8313
12.5903
1.8244
7.3195
31.109
11.4732
2.5234
26.8344
12.6579
18.3296
22.8047
11.6631
23.8702
17.8671
10.9917
22.0817
27.0367
16.1408
1.9965
27.2048
30.5473
16.2838
3.6566
22.8502
21.6808
1.4832
12.8867
21.5613
21.8346
22.1084
8.1338
25.7787
27.7009
21.1784
26.0004
11.2813
28.4044
12.5927
0.0157
21.8702
9.76
11.0767
23.681
13.3152
13.6531
22.6261
7.413
0.1323
25.3636
20.2355
22.2042
8.2898
26.7392
3.0583
4.5914
26.5415
28.7259
20.4985
13.2834
27.5716
29.5426
29.042
23.9476
26.7433
17.6633
19.7908
9.3117
7.9843
25.4455
25.2983
25.4549
29.1011
30.0697
0.4134
12.7545
30.8317
28.1493
23.5698
23.9273
29.9162
0.1728
31.0985
7.8836
24.885
20.6326
17.0538
5.2333
0.1654
15.4973
2.3015
11.8374
1.8618
9.3444
10.8539
2.752
13.8812
15.3573
9.3715
1.5426
7.3828
21.7144
27.5169
6.0913
31.4873
23.7801
31.269
1.1696
29.6056
13.1372
19.5877
14.7136
9.9378
24.0585
3.255
25.337
18.9062
16.1115
24.7081
23.9403
6.4378
22.2614
10.0173
27.7284
3.4625
24.6325
3.2943
25.0692
14.4007
19.1068
13.3294
2.7667
27.1635
22.6312
5.1356
29.0396
26.6909
9.1827
10.5627
12.1438
9.9638
29.0337
15.885
29.9079
20.2119
11.526
25.9305
7.8597
1.5001
15.7726
22.6476
17.8885
4.0888
5.5063
4.857
8.3556
14.0698
15.5024
1.8291
7.5133
25.9446
16.5893
25.8206
31.4836
4.8412
10.3222
19.2158
9.3454
30.0818
28.0632
19.8015
23.9599
30.1785
13.5163
5.5166
29.3842
29.1358
17.8955
17.9258
9.4527
0.6636
17.9635
13.5935
11.6817
3.2738
26.5
12.3338
19.5636
10.0904
22.5556
23.7351
30.4806
19.0365
30.3294
2.2692
13.1065
27.5836
20.6321
26.8185
19.2382
8.6549
18.3932
20.7728
13.0813
3.5571
10.8658
28.9644
11.2331
1.1684
28.2276
5.9725
25.936
11.4134
1.6298
19.1682
1.6669
5.0971
10.0523
28.157
15.9578
14.4929
7.0554
5.1472
27.1604
18.6651
8.1232
28.6536
20.8059
31.8147
21.147
14.14
27.704
13.2583
16.7696
26.062
21.4266
29.3086
15.3239
13.5216
26.5032
7.3907
9.8669
28.542
30.3052
18.4763
14.5135
23.1804
7.84
10.7391
21.7726
10.3617
27.072
31.6517
26.4496
22.42
23.5421
26.8553
5.5693
28.777
24.9949
16.827
18.8551
14.4833
11.5588
21.7698
9.8746
5.2214
2.7765
17.1071
5.8669
7.4339
11.347
25.1459
3.7666
1.2221
17.1464
1.3529
13.536
0.5935
1.6524
26.0605
21.184
22.0469
0.3727
26.3013
24.6834
0.9382
2.8322
7.6118
30.1576
29.784
23.8892
18.4591
7.4955
8.3683
28.6385
8.9584
2.7194
12.0327
26.235
16.9298
6.2395
0.9496
15.9189
8.8052
14.626
5.2817
11.5545
29.7248
27.9803
8.4771
0.8059
8.4431
25.452
2.2285
24.8539
4.384
14.5659
3.9626
4.8936
31.1995
18.0427
17.7422
26.4512
20.3549
16.6077
22.4896
26.9614
17.5831
10.5686
13.1952
24.7962
6.3677
25.0387
8.9542
22.0216
20.2292
29.6646
9.8662
6.0093
20.4269
15.9338
7.7673
16.7441
18.6109
4.2535
8.0943
2.2203
17.9147
16.8925
24.1481
12.3038
21.5652
24.5487
2.4629
22.9386
9.7187
26.0686
15.0535
3.3806
17.7883
14.072
26.9534
14.9656
30.8504
17.4413
22.729
18.2871
8.9068
29.9886
19.2469
16.0836
0.9473
22.7317
18.7158
28.8462
25.184
3.3878
21.2831
8.7553
14.3444
14.9043
0.0415
0.2397
1.197
14.6572
31.1033
7.2985
20.2206
10.3752
24.8448
18.4736
25.9355
3.8972
25.7139
15.9986
5.384
6.2592
14.1823
25.7147
8.2197
30.5518
19.666
5.6587
23.4812
25.1559
0.7872
5.7484
14.4539
6.2822
11.2992
17.9379
17.0737
27.8525
7.1829
2.6584
9.8064
6.9229
17.1868
2.6225
2.4148
10.6539
21.2452
11.091
11.1765
0.487
12.6664
26.6685
6.5395
8.1213
15.3609
9.0393
23.8024
14.3128
26.3752
29.0425
14.4804
16.3249
10.6105
23.4317
22.1587
2.5262
20.632
5.6373
8.4264
26.381
25.6584
14.5707
15.7225
28.11
29.2615
1.4521
25.3754
2.5173
29.6879
31.4083
4.9983
3.9882
15.7992
25.4915
24.9102
14.3163
10.3866
17.8973
30.9554
21.9024
9.9984
17.9015
19.1735
23.5274
31.9349
26.2863
8.6867
0.8468
20.7121
20.9782
26.49
8.6183
2.2864
10.345
24.8351
22.0379
25.6795
8.4771
14.5856
30.0605
20.8358
31.3137
4.5505
3.0765
1.4856
22.9361
16.5417
21.771
10.6711
21.0108
26.3093
4.3718
11.4126
24.0687
10.8816
16.2869
7.343
12.9251
25.5535
23.6477
16.5104
0.0109
28.1653
15.6287
16.5509
28.1235
17.9225
9.5219
20.9482
22.7367
8.0013
24.6998
4.7882
18.7434
28.096
3.0939
17.0385
29.0793
11.5585
29.0928
15.5204
12.0183
24.2568
13.2129
10.2399
10.1764
5.1193
7.1874
0.4499
3.6406
21.1879
7.7215
16.9733
5.254
25.0433
10.5677
6.0578
17.3777
13.5062
14.9259
16.8675
7.7662
0.8239
20.2198
14.0535
7.5151
18.8162
10.9194
18.0715
8.8365
20.0919
14.6963
4.3278
16.682
30.843
12.0197
14.77
27.5104
17.3427
16.6829
10.6232
25.8142
15.4399
10.1143
25.9188
11.5623
28.5909
7.9599
3.5358
8.4675
17.5513
11.2915
27.3524
27.9045
22.072
9.9146
10.745
3.9221
2.8528
9.5961
4.9604
19.7583
15.474
1.6691
20.3821
11.2423
25.8121
25.8062
4.2145
10.7708
10.9037
14.3888
22.6902
19.1774
21.8074
3.2685
8.3695
28.8349
0.7011
31.6255
17.466
1.84
0.201
3.2505
0.2443
11.9419
3.9964
15.5959
10.9421
1.756
15.8866
8.7572
13.9353
5.2528
26.881
17.3982
12.4162
0.7147
25.5359
8.4407
21.7273
8.0096
1.2507
29.6975
25.7089
31.5429
11.8456
20.8605
8.3125
12.1121
1.0824
10.3247
19.5329
29.1781
16.7561
23.2959
16.7666
24.613
13.3354
29.7611
4.8904
21.39
16.256
1.2489
19.0379
22.0363
23.7418
2.3667
24.2909
12.3396
29.7533
24.8133
7.0612
12.9001
24.1086
25.3916
5.3711
9.6182
1.9691
6.2257
0.4492
24.0934
15.1209
6.5868
31.3624
0.7224
10.4865
22.7563
7.5424
26.2305
15.9185
2.0201
13.1923
9.7243
18.7278
0.2405
18.9596
14.1705
0.469
23.2006
10.2042
15.8265
7.0618
8.4472
14.9156
5.0063
25.0879
0.0999
1.0893
24.7669
10.0454
13.5615
21.7048
0.3602
2.0142
28.9577
0.1929
30.8522
31.8668
27.348
16.3885
12.9866
11.0637
2.3592
14.7516
27.8211
20.0068
23.2288
18.2764
1.2771
19.98
8.2321
17.3638
16.2355
19.6213
23.2248
5.4331
6.2083
28.488
13.3917
18.3542
4.6505
27.7517
17.2396
30.16
3.2022
12.7359
26.0714
10.8178
9.0687
30.8881
5.8866
17.036
23.9747
20.2608
2.6182
31.6626
23.834
20.0691
13.2288
26.1387
25.8558
23.9693
31.9107
6.2778
17.5821
17.953
4.3439
23.8402
10.223
13.5324
29.3769
8.1492
17.4308
27.8118
24.5126
22.5753
18.3535
16.3471
27.4296
19.9043
11.7862
14.6908
21.5051
28.9581
7.1723
27.6579
8.3755
0.8266
25.1693
22.6963
6.7924
13.9987
1.2356
13.3068
28.962
0.1638
11.6
4.2276
24.6527
21.0092
9.5893
18.0824
7.6192
16.1167
24.8531
1.4004
29.5798
31.6089
6.4725
18.4629
20.4331
27.8496
29.1055
3.8027
14.6365
29.1581
0.9978
7.3867
19.7564
10.8968
10.1976
18.6929
22.6461
25.0178
16.3708
30.1589
6.118
4.3383
12.9501
27.4242
28.1779
28.1648
20.82
27.7871
31.3653
29.7179
10.8396
6.5928
12.7917
1.9653
4.1727
2.2475
13.4631
19.2472
15.1097
13.1841
2.308
17.2797
29.7816
5.1105
30.0129
27.1948
1.6161
17.5469
30.5574
16.3637
20.2275
21.0782
0.8745
6.1829
30.2722
2.7906
11.946
12.8789
13.8857
18.8236
12.0272
1.0798
16.3032
10.9563
24.1531
21.3492
23.0707
21.2833
9.04
24.4734
11.0559
18.0755
2.4589
7.6189
21.9479
25.3759
17.612
29.3804
24.9954
7.8345
2.2279
16.1433
6.2121
7.9531
11.9816
28.2157
10.151
20.8693
3.8363
11.4084
14.6072
31.6212
10.4368
19.0474
6.3292
6.9211
12.5104
11.0919
26.0911
20.7892
0.1015
25.459
30.4084
7.2834
8.8877
26.7662
