14.4751
9.3493
3.3686
8.0246
3.0565
10.6202
12.9038
12.2614
7.3158
9.6348
7.7806
12.53
5.9049
3.2104
13.5333
12.8143
1.6292
1.9498
3.8926
14.9862
8.0637
7.2455
8.7286
5.9866
9.6366
3.4037
10.8853
12.0677
11.207
6.8178
15.6944
13.5414
14.3044
12.0648
7.678
6.547
11.0589
14.6267
3.0589
15.9597
10.8821
11.8465
4.0675
4.7398
12.5312
11.568
10.545
12.5202
5.3555
12.2738
9.4486
3.7099
9.1538
9.8563
13.945
13.2263
8.2365
13.0966
7.2792
7.8199
14.5366
13.1966
15.6686
1.992
10.6634
9.2785
8.6123
10.0406
3.1855
15.3248
9.2412
3.3585
3.535
3.4199
10.5981
5.7252
2.9032
11.228
8.7096
12.7612
12.9477
10.4325
1.4219
7.8191
11.4788
3.1135
6.8542
4.0483
1.6592
2.6541
9.7584
12.2965
1.7682
12.5269
2.9977
10.375
12.296
11.523
12.6534
12.8173
10.9001
8.0276
2.1763
12.6594
12.0574
7.5096
14.132
13.4023
15.4382
5.1415
13.6895
11.0014
3.2417
9.9877
4.1351
9.6673
10.6278
6.6208
13.3959
11.7747
3.1931
13.0687
1.4957
11.825
7.6469
9.396
5.0159
11.7142
13.4062
6.4133
6.5074
4.3566
14.3122
4.3824
1.0761
4.3567
6.6607
9.9825
10.8075
1.8984
6.1615
5.3041
7.3456
11.5965
4.2683
3.4225
9.5643
1.2101
7.6737
3.9515
10.6628
12.4877
6.6266
2.6665
11.2444
4.0692
2.8745
2.6351
8.8276
9.4602
4.4967
2.7214
9.5764
1.6599
14.3645
11.9235
9.8654
7.5372
1.5795
11.6108
6.096
9.2253
2.1088
10.0543
5.7929
7.9473
12.1852
11.9469
11.9454
11.1307
4.8844
12.1481
8.8872
11.6442
12.3999
9.7686
2.2564
4.4505
8.0625
13.9635
7.4211
10.6741
15.2898
6.5398
2.9025
12.9756
3.5876
12.6632
11.4554
13.5109
5.651
5.3724
6.8013
12.1506
11.3274
4.6715
15.4316
15.6429
2.4917
6.533
2.2651
9.3974
7.7398
6.8656
9.7794
8.225
13.2824
15.0526
7.3509
1.0765
11.0823
4.0487
15.6906
4.8034
13.9288
9.6467
7.22
3.4733
1.5407
14.3994
11.6749
12.0264
6.7344
1.647
3.6941
11.8771
9.4489
10.3678
7.2725
15.5193
2.7225
10.8147
11.8534
15.8653
10.0811
1.6689
6.781
4.033
10.2803
1.7385
13.5828
9.7107
8.5065
10.1699
13.4349
2.0487
9.9909
14.4594
11.261
7.8455
14.7596
2.2768
2.9516
5.3279
7.4848
15.2673
3.8013
14.9597
4.4693
5.1934
9.6366
3.9409
12.946
6.3662
12.2222
2.267
14.7382
5.6545
13.6518
3.5893
15.4636
6.2352
11.3248
13.0322
15.8991
6.1911
15.9051
10.7084
14.8136
12.706
15.2914
6.0038
2.1253
9.8068
14.5908
7.3787
1.8809
3.7768
1.819
6.1759
2.1154
1.6303
11.2447
9.3976
7.2228
2.1522
3.9521
13.2278
2.1577
6.4298
12.8606
3.5383
12.8602
10.9057
2.5387
9.4087
14.8795
5.5939
14.7286
4.1129
8.4543
3.5002
6.5162
4.7468
9.9099
6.3459
10.5009
13.5771
5.2434
5.6626
4.413
9.8263
13.7843
1.8524
12.5585
5.9581
7.2328
1.3838
12.6102
1.0005
9.7804
8.0278
14.7387
13.2121
11.0294
9.2779
8.1129
15.8185
14.2288
12.4696
15.5743
2.3699
2.4883
8.2587
8.5237
5.7757
4.297
4.7788
2.9616
13.3169
15.5986
8.1425
15.6342
14.8736
13.2644
8.48
8.46
11.0648
2.0808
10.3849
10.7131
15.684
11.9098
4.7998
9.6664
3.2664
13.3637
14.6451
11.3466
6.1493
2.0516
10.8135
11.6502
6.9288
9.8582
2.6863
13.039
14.0618
3.183
3.6841
4.302
4.7949
11.25
3.4672
5.6503
1.4207
15.9566
9.3379
11.5978
11.965
1.2254
1.7249
7.4925
3.5059
15.529
7.9082
13.2647
10.1248
11.9134
4.7764
7.9811
8.2955
12.834
8.3704
14.2154
5.3418
15.4555
5.4828
8.5749
3.1037
6.1207
11.6191
13.0439
6.599
15.6136
5.7389
7.4869
3.5116
15.1689
8.5802
3.6436
9.477
9.7118
11.2263
5.7273
5.7869
13.548
8.9952
14.0548
11.1022
11.1778
11.1045
6.1749
7.9056
4.4478
10.8834
4.4432
8.4786
2.0269
5.1668
3.4061
6.0559
3.4571
7.4078
4.487
2.4978
4.2598
13.8947
13.3413
3.0024
13.0326
7.1697
4.1965
4.3318
12.9984
8.8539
12.7287
12.8501
12.0553
9.144
13.5703
2.506
7.3608
7.1007
14.0857
6.011
13.6608
5.3429
14.1417
15.0536
3.0512
1.0026
15.4901
4.6828
15.4167
4.1594
9.8853
7.0914
15.357
13.644
4.9441
15.8378
6.8051
11.2998
12.0114
14.2848
6.8083
12.6985
6.4389
8.7412
11.3594
8.2818
5.0354
10.9605
7.2208
7.7947
2.5386
12.9855
12.4439
3.4164
9.2132
5.0876
3.1368
10.7947
15.4113
4.9088
8.5424
5.8617
10.1741
10.1756
1.9428
5.164
11.9344
6.8684
9.9382
8.2097
7.7601
13.263
15.15
4.478
8.4035
2.3016
10.5499
5.4149
9.8671
9.0529
3.9479
4.4881
12.015
5.7593
9.1487
12.6933
11.6547
13.8603
14.0463
11.3836
7.9843
15.0875
7.7431
14.2751
11.4758
14.3488
10.5982
8.6942
1.6484
1.8122
2.6887
6.7852
1.2731
9.6173
4.1194
15.47
4.9726
12.4619
4.4078
3.7431
15.8652
8.3763
7.7209
15.5216
3.7152
15.5488
1.9708
13.3683
11.961
12.9416
2.717
5.0093
11.9732
15.5463
13.4695
3.2244
11.3606
12.106
8.5443
8.752
12.4707
4.9714
13.3684
1.5811
6.1386
1.443
5.0877
7.478
7.9086
3.5148
15.6706
13.9697
11.9873
11.7448
9.9111
7.8593
7.5691
3.9743
11.7695
6.4358
5.8827
14.5458
2.8674
13.6166
15.2082
15.3692
1.7371
2.6868
9.3614
4.0534
13.2313
7.6073
6.7019
11.2047
5.729
6.928
4.8859
9.3689
3.6745
13.9336
2.5737
5.2987
13.5955
14.579
15.082
13.7072
2.9878
6.3168
11.4092
13.4126
15.8527
8.9632
5.6075
5.6256
13.2455
15.2716
11.8874
6.4695
4.1889
12.6402
15.7489
13.7734
6.5146
8.8459
3.331
8.0128
12.0836
14.1468
8.1473
1.2451
10.6681
14.7362
2.8441
10.8912
4.5352
1.9876
2.6537
15.1645
7.3435
5.8738
6.7456
15.1596
2.3037
3.4699
3.9555
12.8992
3.6909
15.9946
13.2128
15.1225
10.0772
5.8877
4.4262
15.8095
13.082
14.8036
1.3494
9.4014
11.9346
14.3326
13.4586
6.6445
13.5943
3.8793
7.4808
4.7327
13.3456
11.0647
11.1449
10.4137
1.3801
2.4652
11.0026
12.6606
6.1343
8.024
13.946
6.0638
14.4297
5.5981
4.423
11.102
11.2483
1.1722
1.4783
12.6467
13.7202
9.7392
15.2652
9.7315
14.3542
3.9882
5.6757
13.2895
4.2529
9.598
15.6724
6.0756
9.3374
8.0243
4.2809
3.0726
7.5702
3.1037
7.5382
7.1075
8.0768
5.4848
5.3185
2.6136
5.1984
6.7968
3.9745
4.0104
14.5213
11.5963
7.0303
3.3145
3.7268
5.2131
11.8124
3.2001
7.8745
11.8616
4.4795
11.2117
12.6146
6.2822
10.7834
12.603
9.9283
14.2811
2.4484
3.5689
11.2383
11.5647
10.2824
12.4578
10.7599
5.2807
12.8416
11.9007
5.8273
9.5374
10.5966
5.4571
12.0637
12.288
9.6755
11.075
12.1159
10.1435
1.9979
13.1854
11.2039
8.6646
3.3389
8.5412
6.7628
9.69
9.2062
11.3423
8.815
14.6349
9.1348
5.9199
11.1914
1.6202
12.4765
12.4239
5.7146
3.3499
10.2044
13.9974
11.2221
13.3678
10.9866
15.6571
6.5747
1.0947
10.7782
1.6967
8.7329
3.44
13.9704
2.5265
7.2402
6.6611
5.6602
3.6361
6.3427
3.0369
8.2651
11.5584
9.5088
4.8593
15.6734
5.8682
5.0797
9.5266
15.0137
1.8353
12.1453
6.498
8.0982
5.5395
1.2381
1.5937
10.8171
13.5966
6.1444
2.5462
10.9433
4.027
12.1219
7.7065
14.975
5.6332
4.0888
14.8375
5.6679
5.9919
11.3026
9.3914
5.7964
3.2457
12.8245
14.489
7.9497
12.7241
11.2496
4.6245
10.7461
14.2436
1.8186
10.8333
9.4963
11.452
1.2613
15.1246
1.6982
11.7414
11.791
11.381
14.4017
4.5227
10.9728
5.791
14.649
5.5685
7.9817
9.7832
1.3814
12.3288
9.4211
13.1529
11.1321
14.6333
7.9991
10.0191
10.4236
14.3806
9.0536
7.0615
10.4142
9.9646
13.4814
12.574
5.1424
10.6451
6.9981
1.1861
6.4985
15.7874
1.5012
4.4315
5.9945
10.4336
7.8721
3.417
8.5399
9.5584
7.7857
6.9725
14.7253
1.5452
3.5624
8.8411
10.6887
12.8607
1.3173
13.1663
1.0192
11.2573
12.4587
4.0808
7.8721
8.9163
3.6955
8.9321
9.4295
11.1409
10.2259
10.009
9.9795
3.5524
12.181
12.1922
12.1839
2.9986
13.0672
11.4947
15.0594
7.62
4.7174
12.0498
7.1845
10.1779
12.8719
8.1861
11.2437
14.0061
14.226
14.1013
7.4268
5.0483
6.4564
14.9134
14.6923
14.5669
12.0888
3.2572
6.2791
14.6072
7.5692
2.0769
1.2108
7.6669
11.2034
4.2842
8.4305
10.9395
13.885
13.0811
12.978
12.0879
8.8235
12.683
14.8131
3.1446
5.9917
3.3883
8.1887
4.9936
11.6401
12.1325
11.3877
7.8483
7.7877
1.7359
14.429
15.3207
2.368
12.4877
12.2445
6.6589
6.2726
12.4298
8.904
5.2015
1.4223
8.3219
12.2636
2.7775
15.9811
8.7468
3.5904
9.383
2.3928
2.451
6.8633
14.9118
10.7795
5.1635
12.6885
3.6345
12.3643
12.1294
1.3835
13.1146
15.3964
6.5208
7.3014
7.6608
8.3015
7.0573
8.7647
6.3043
1.3985
14.8535
2.8245
8.6073
11.3375
11.165
12.8225
4.2465
12.6567
7.1553
10.4571
2.7887
5.4729
12.1278
2.308
2.3159
11.9815
10.8117
10.8514
5.2484
10.244
1.2721
12.9932
8.8091
6.3497
11.2288
8.9802
11.5382
4.7057
6.2714
15.8923
15.7359
2.6363
5.258
14.5439
1.2472
14.711
14.5981
11.7927
9.6486
6.8677
1.6283
1.9883
8.0319
8.3967
14.6815
8.2743
11.0206
14.3585
4.3812
7.0778
4.9525
9.0155
9.0122
3.3426
1.296
6.5245
9.9823
14.9099
5.123
6.1655
6.2282
12.6645
7.6467
8.3114
13.1273
1.3027
7.7902
2.3065
8.1507
10.8511
8.8404
15.4206
4.9524
12.9227
8.9827
2.4564
9.4428
15.4919
10.5627
8.1918
2.5382
2.2976
5.3003
5.8214
11.0062
7.2594
6.7286
4.4067
5.2215
13.0974
5.2732
2.1437
11.2639
5.2212
6.6366
3.2074
11.2985
11.4049
4.9999
13.1094
5.3726
6.4955
1.5461
1.942
10.9187
15.8227
6.94
5.4941
7.9586
15.0343
2.3662
4.3636
15.9362
15.8339
1.3836
11.0563
2.431
15.058
7.2954
13.3555
11.9272
6.0281
1.6809
15.4386
5.484
8.3131
8.9321
11.8804
7.084
10.1901
7.1897
15.392
5.0733
12.6738
5.7937
7.1735
9.2068
13.492
13.2185
4.7556
4.1977
10.7762
1.2881
7.2134
10.1885
9.2383
9.6641
9.9933
13.6561
3.8074
8.3072
7.5866
9.2427
9.1762
2.8294
13.5737
6.0591
9.741
5.0993
5.8191
12.3599
5.0458
9.427
15.666
5.8877
12.1929
10.4364
9.4896
3.0206
1.3443
12.2301
2.0024
7.1079
4.0701
13.7626
1.3404
8.9226
13.2856
15.7977
7.8129
10.7416
11.7483
12.8294
5.5611
12.3631
5.717
11.3344
12.911
7.0474
2.3337
15.9005
11.8426
4.27
7.7113
10.4107
5.0776
10.2457
14.8473
5.8403
6.7027
8.5515
9.5985
10.0598
15.4992
7.2746
6.9301
15.3144
2.7305
13.0845
4.9869
1.6222
3.9252
1.6533
7.1556
1.6541
12.4104
8.7615
8.8443
10.5506
3.0434
10.8742
14.8552
15.6366
11.6356
11.432
5.3587
11.9689
6.2855
8.103
4.4445
8.3636
8.4094
1.8564
1.8478
14.4481
3.283
1.8621
5.7736
3.9907
2.3869
3.6708
12.3863
1.9048
11.5002
13.0469
15.2806
12.9109
6.9567
1.5535
8.6287
7.4441
5.8747
11.9135
13.6258
3.3538
14.3665
9.3006
11.1388
11.4891
1.6025
10.8924
10.7959
3.3158
8.7061
8.9935
8.4246
15.6963
3.0644
12.3758
8.822
13.6952
10.4545
13.4567
10.3643
12.682
14.4121
11.2604
9.659
2.4804
12.322
11.0067
2.8015
4.0837
10.1891
7.078
3.4581
8.0833
1.9722
6.0566
9.1987
5.04
5.2577
6.2468
4.1053
3.1252
9.0792
5.814
1.3528
6.9385
15.1905
12.9144
7.9149
3.8604
7.1988
15.7419
1.9294
9.9061
3.2996
12.4294
6.7102
10.0076
5.2881
7.2356
11.4108
9.5188
4.1671
3.7451
13.3101
12.9253
5.2875
10.5528
11.4663
9.1417
15.5194
6.0716
14.0092
4.2546
13.5739
2.8514
1.5055
8.7801
4.0516
13.2346
2.363
6.1849
11.1621
12.8334
7.1127
7.0503
7.4452
1.4103
6.6759
7.0437
11.0723
10.5586
5.8464
12.9069
2.798
11.0589
11.1763
13.1502
7.6425
11.8656
9.3921
7.5845
14.2353
13.896
6.9284
4.9486
2.5234
4.8074
3.8688
13.7304
11.45
15.3375
9.9608
14.6477
10.6372
3.5824
7.495
9.7169
4.0324
6.388
3.4945
4.77
7.2342
10.0971
2.0634
12.2453
15.9855
6.6778
13.8014
6.3804
7.1235
8.2353
5.6213
3.2318
12.6007
11.4822
12.0513
12.9938
14.6367
9.0597
1.6434
14.0796
10.605
3.2286
6.5475
9.0192
11.9349
3.2097
8.1656
2.5276
6.3058
2.398
4.2274
8.3367
15.8407
13.173
10.8137
10.164
3.9123
14.7891
8.205
14.3431
15.1446
4.431
13.2985
13.5444
3.1045
7.5059
15.3256
8.513
10.8128
10.7247
2.8607
7.9247
5.0587
13.6781
2.2017
5.3832
15.9925
5.6637
9.179
2.6342
8.2141
4.14
5.782
10.9909
12.8357
14.1215
9.2842
2.4412
3.4088
2.3041
9.9739
6.2041
6.06
11.4459
11.5545
10.8375
14.7655
3.3783
14.0643
11.4484
4.3555
5.1491
11.2382
2.2625
3.6023
15.3125
13.7813
9.7293
7.492
10.7386
7.0347
8.3261
12.6056
11.0249
13.6952
11.6366
5.856
3.802
10.5627
14.8444
15.3211
6.4662
15.064
6.8515
9.0793
6.3899
3.8942
10.2179
9.7718
7.9903
2.8964
11.4341
2.0616
4.8583
5.0871
2.3864
14.7729
10.322
8.3698
6.4899
5.7622
2.1858
8.3882
2.952
9.7773
5.0613
10.3382
15.8194
14.9926
13.2463
13.1375
10.2423
9.8043
12.2224
4.381
9.0203
8.6514
12.593
4.2125
6.1386
4.0494
1.8239
4.2929
10.4902
7.1934
3.8444
4.1152
7.5386
14.3244
15.9109
5.8596
10.5097
1.3449
14.0122
15.3212
1.3604
14.6906
13.0941
1.4425
10.3269
11.4644
12.3973
5.7208
6.229
6.6645
12.5927
1.9993
13.605
4.4867
15.7486
13.2732
1.0693
12.1607
6.876
14.8843
2.9432
6.5769
12.514
1.1968
8.5097
2.2642
1.1606
5.3446
3.3992
8.1156
10.1988
4.6728
15.2622
5.5131
14.9098
9.1262
10.9535
6.7739
1.3849
4.5527
9.9097
5.5971
3.3777
14.0024
14.0171
11.7883
4.9657
1.0325
4.8832
10.1435
4.1545
11.4149
15.1279
8.6984
5.4466
3.0568
13.7972
2.2369
4.6521
1.0681
10.7843
3.7623
3.589
1.9414
4.915
9.6713
9.1134
6.7007
13.8133
13.6126
1.0212
12.2545
11.0867
7.233
4.6483
11.2725
10.0067
13.3205
8.8256
2.1028
14.7195
10.8408
13.3648
7.5587
3.2418
1.9902
14.9325
7.9067
11.0507
6.9863
15.7131
7.429
15.8233
14.5391
14.8734
12.6553
14.6828
12.6474
10.6803
8.0848
12.4446
6.9918
12.1669
15.1311
2.7224
15.8095
14.1679
13.7021
1.921
8.8273
15.4335
9.8903
15.9621
13.6249
11.2433
4.2808
11.5563
3.9463
13.3844
14.4559
9.0913
14.0756
10.9304
14.7499
7.3487
2.5215
4.4888
14.0847
12.0976
8.4132
5.8465
9.8031
6.4427
15.0668
8.4805
7.5322
1.9009
13.1607
12.789
6.6889
2.5015
14.4374
13.9834
13.9696
10.7244
13.5717
4.4223
8.8597
7.2626
4.3149
13.7595
5.1507
2.7948
8.7881
9.9465
2.6434
5.4004
13.9411
4.0444
6.0396
5.9486
15.0723
1.1129
12.9107
7.7777
6.7804
7.9849
14.7467
10.5763
12.8194
12.7238
8.6848
5.0868
3.1794
12.331
8.4726
15.2876
9.337
7.2136
5.7942
3.8296
12.0717
4.4653
13.6739
13.1523
1.5263
11.8471
4.2283
4.4494
13.0439
3.2589
10.3381
10.2112
6.0211
2.7198
15.3689
13.5352
6.7239
13.487
1.0107
7.2345
6.9515
15.8604
4.571
1.4435
8.4181
10.6812
11.6765
5.2538
10.4597
6.7585
1.397
7.1207
4.7192
10.213
7.0099
12.0982
14.1983
2.0178
6.069
10.6738
14.5691
11.4394
2.127
12.2704
15.6306
15.2263
2.7702
11.2679
8.5867
7.2751
4.1786
14.5169
1.2168
7.6657
8.9483
8.9709
2.178
6.9475
11.8153
6.8499
2.6389
2.3275
8.7313
3.3739
6.3682
5.0945
15.8659
12.5701
4.5372
15.5285
12.9235
12.2771
4.6203
8.6283
10.9065
4.5766
13.3512
11.4009
7.9332
2.0741
8.5009
5.6663
8.386
6.2717
15.8602
13.2923
5.4253
2.4636
7.0572
2.4165
2.9131
1.1221
12.4443
12.236
4.5952
6.5612
8.0153
14.2989
13.2346
9.1933
3.714
11.8637
14.8833
6.2139
8.9151
6.9176
2.5729
1.7052
13.0927
12.0728
10.3316
7.0082
14.3238
1.2451
6.9835
8.7927
4.4397
10.524
3.2221
13.1804
15.0489
11.0623
6.9216
1.1584
15.3995
2.5066
7.6939
10.6146
9.1506
5.3223
12.2929
13.4044
15.5958
13.41
11.3593
13.8854
14.0243
4.7519
4.4352
8.1273
6.571
13.7097
10.278
8.7474
8.4952
2.4042
3.6363
8.1363
7.043
6.0494
8.1816
15.3075
2.8906
13.6392
9.5284
11.193
9.0054
9.6939
13.7789
5.5105
2.6452
10.5268
8.4727
12.1601
13.0975
15.0551
4.0896
3.9021
2.6229
10.3846
11.5814
15.8146
10.7429
4.6081
9.7194
9.0664
11.5679
14.9815
3.7602
14.2354
10.5106
10.6916
13.4402
11.9975
1.5492
2.8262
6.8795
6.1615
11.5321
4.4999
8.5651
6.4106
8.6913
7.673
9.4349
9.0617
13.6977
5.4134
9.4607
7.9364
4.7899
13.6314
2.3056
13.788
12.6301
2.9546
2.6821
2.1946
5.171
3.8848
13.6166
7.927
15.1203
2.7659
9.2799
4.9736
1.9021
13.5565
6.1861
8.8698
10.0569
14.3256
3.1358
13.2889
1.6262
13.158
10.6334
3.6308
4.3076
6.1097
11.4503
14.9585
7.6644
2.0111
15.5967
8.4321
3.7797
13.3292
7.8251
1.4592
11.9485
1.7911
4.3085
15.7121
15.5302
6.0922
7.7424
4.5736
8.6695
4.5975
4.3017
9.0084
7.7305
4.3677
8.7972
6.9622
11.3309
13.0258
7.1495
7.3779
8.1293
12.2969
10.7612
7.4822
12.0366
8.476
5.5552
12.61
8.6854
11.1875
14.4898
1.1269
11.0828
6.6368
14.6199
10.7283
8.3975
3.5297
7.8202
3.4896
3.6252
11.5828
9.7371
9.0393
9.6379
12.6131
12.4907
1.8281
2.9357
11.5384
11.5855
3.195
12.2848
7.7751
1.9173
5.8407
10.5686
7.3034
13.3782
7.0612
15.2918
7.3443
11.9214
13.6536
12.8563
6.4588
6.8292
14.7357
7.9734
9.8815
14.7827
6.7535
6.8421
10.5804
3.1175
10.8177
13.4344
2.5633
12.2753
10.5586
2.5919
14.9236
1.557
6.242
13.6231
9.3524
10.0246
4.7243
12.7298
2.2921
10.6271
15.7261
5.8958
13.4656
2.3694
15.1076
4.7777
7.1909
15.9195
3.0826
2.1739
5.2189
13.5658
2.7172
14.1022
2.1597
8.5997
15.8436
11.3928
13.5125
7.6731
10.6857
14.4635
6.4304
8.5291
11.8142
15.5408
3.3186
2.6054
11.092
2.3842
8.733
3.2364
6.3506
8.1217
7.1549
11.0264
6.0796
2.5034
7.5961
7.3388
10.5447
10.4057
1.8022
12.2914
12.17
6.0097
3.3607
14.2099
14.6489
4.7424
12.1449
12.6723
1.4147
5.0031
6.7971
7.6474
5.5724
3.0923
1.2436
9.8159
11.0093
2.4853
3.673
3.7363
8.5969
9.5376
2.5001
3.9268
4.9574
1.498
13.748
15.9861
12.4273
14.93
5.0497
6.9784
2.01
3.6507
11.577
5.1799
14.6511
7.1767
5.5924
15.1041
5.5964
14.1626
8.8345
12.1159
10.1183
11.8865
4.6035
9.8793
11.7629
12.8555
6.6903
11.577
12.8222
3.5938
4.4205
1.9874
11.4398
12.1153
7.9852
5.1351
2.5838
13.019
7.6645
8.8158
6.1532
9.3663
6.6331
15.0217
10.0655
13.5032
10.9637
3.3001
5.8685
1.4899
6.4943
1.2633
6.0073
9.4682
4.0926
9.7662
11.3265
12.5287
1.7784
6.3751
10.2546
4.1018
8.8848
3.6685
14.9147
2.9951
1.5503
9.1824
7.3256
15.8394
9.9205
9.7562
2.7203
5.6435
2.6086
9.6763
8.0967
11.2441
2.4393
14.7392
14.1702
13.7652
15.3575
8.2935
13.3616
7.005
7.098
2.8207
9.9185
12.2317
11.6489
12.7415
10.3988
3.6029
4.9398
10.7334
11.4621
6.9483
5.3354
5.0238
15.7569
14.9074
12.102
6.7046
14.5999
12.0661
14.2132
10.4215
1.3289
6.8054
6.5286
4.3513
4.8911
8.7993
8.0319
3.9478
11.4636
14.8107
15.1762
1.1376
5.3749
2.4246
8.7188
3.782
2.9327
15.6911
14.4977
13.5497
12.938
3.6872
12.3531
5.5767
15.1709
15.0806
2.609
7.1729
5.3608
12.3472
2.5796
3.6953
6.6037
15.5707
7.5587
8.5247
3.0812
14.2595
8.2089
4.5008
6.1069
6.8537
4.0604
11.7611
10.5376
14.9201
13.0573
12.5085
5.1197
7.0969
1.4316
10.3477
8.6963
12.9637
10.7515
9.7306
14.7992
9.5949
2.0203
4.259
7.8794
1.9606
13.7692
6.8166
5.0984
6.2802
12.0702
14.165
2.131
7.2926
2.4363
1.7514
6.4102
12.6595
11.1186
12.8103
13.9037
6.0066
4.2344
1.0218
15.9203
7.6456
2.5214
4.679
11.0632
13.0946
10.0747
15.9374
1.041
10.6803
3.7547
3.1123
5.9107
8.3616
6.7478
5.2191
13.4906
10.9323
3.7868
7.9555
12.0012
9.9654
5.0165
14.7103
15.2369
13.812
9.1314
5.8686
11.0094
13.4882
7.1593
9.0355
8.2623
7.0174
12.7052
15.7968
11.9861
5.4193
15.5072
7.8491
11.6936
10.6592
7.9028
2.9162
10.2284
14.8938
7.4438
8.4223
9.6157
4.8559
6.64
8.6174
1.1986
7.7443
14.4541
9.1228
10.37
14.9817
12.6284
7.3342
15.7844
8.8241
8.1656
14.5135
12.5407
6.8186
7.9678
2.61
1.6146
12.0919
14.1798
6.6468
13.916
14.5563
4.7434
15.6743
11.8573
9.7329
2.3038
4.6475
7.9879
13.9864
15.3771
15.2943
2.8202
7.0794
8.0234
9.6354
11.0972
7.9592
12.3229
13.341
10.734
2.0375
4.1884
4.662
3.9989
2.5177
11.2098
5.2018
14.5401
9.8388
6.6253
9.4923
14.5759
15.58
2.7102
5.8491
10.5734
12.4493
7.8202
2.6654
6.4619
1.8211
2.5444
2.735
5.4514
1.1176
9.8402
5.7561
10.3794
15.7341
12.4926
10.0037
6.8749
8.1677
12.6361
3.9236
15.7504
14.6937
11.3649
15.8447
6.3288
2.5143
14.402
1.512
1.9045
10.5701
11.0363
7.378
13.9604
10.8202
15.2583
9.5059
12.7135
15.6062
11.8739
4.4263
2.448
4.9852
1.8458
14.0408
6.1707
1.1925
5.1442
15.3238
4.7314
6.3067
7.6651
3.4696
4.4602
9.1475
10.7675
7.225
13.6748
3.1961
7.822
9.0326
1.973
9.5712
7.2729
13.9645
8.1901
12.833
4.5607
5.4867
15.3799
14.7003
11.5471
5.5638
5.4212
2.3392
1.1964
9.9514
7.1964
3.4706
11.1611
15.835
11.4198
1.8936
14.7828
6.0298
15.5428
7.2261
9.0986
8.1621
9.9733
11.3508
8.0506
5.3571
6.2442
11.3752
3.7702
6.9257
14.9672
10.5786
6.6099
15.0427
2.9243
7.9437
9.7176
9.2065
15.6781
1.317
10.7675
14.3199
15.2689
8.8224
15.2044
3.8529
8.362
12.9863
7.9949
2.5435
1.1411
12.1227
15.4939
13.6786
7.9816
3.2848
7.4236
9.5918
10.8141
1.2073
7.4239
9.4987
6.9962
3.4423
3.5414
10.9152
1.5669
3.2935
7.7716
4.622
12.3578
3.1535
7.2769
2.801
2.6013
15.1152
3.293
8.9596
11.2111
13.5062
10.6295
14.2731
2.3938
12.082
1.375
13.2863
15.1488
8.2869
2.0799
2.2736
2.1219
2.2739
4.6342
11.7788
14.396
8.08
12.0146
13.9001
8.5798
10.1981
11.8748
5.4449
10.8673
1.7539
9.3358
8.2457
15.5107
4.6131
9.0242
7.6237
4.7172
1.0176
12.1276
3.9012
2.0365
3.2222
1.0879
14.2531
11.2712
2.5668
5.8546
14.0034
15.7051
4.5223
6.4766
8.389
4.0929
9.6882
3.6934
12.2552
11.4027
8.3852
7.7845
9.0927
2.1755
12.0074
3.0609
15.9059
12.606
10.2792
10.7305
10.9769
7.811
3.561
12.7723
3.4581
6.1104
4.6092
4.8319
4.0724
8.6788
12.6878
12.022
5.112
4.5817
5.7093
9.6313
3.0728
3.5068
15.9047
7.9519
9.5027
15.4053
13.0489
5.8296
13.483
7.5668
1.8331
2.2224
15.8181
6.5457
7.7567
4.2579
7.5783
2.7457
6.3276
1.8924
3.4467
8.9353
4.3639
4.1873
2.6354
11.1585
2.1936
15.8294
15.2248
14.71
8.9307
10.7295
14.5504
7.8372
6.2763
2.5414
8.0294
11.6407
9.5759
14.3682
15.3035
2.0466
11.6977
14.4106
13.3311
13.7074
1.3339
10.1018
10.7417
5.4586
12.0093
14.2254
4.8163
4.1051
12.5088
1.7801
12.872
11.3149
6.5758
1.7293
3.2612
7.2684
9.2943
9.2812
12.8206
5.6477
11.5745
6.9133
6.9991
15.2504
14.944
6.6817
3.4454
2.425
9.2065
4.6387
1.1598
15.403
10.2152
10.8192
13.3888
1.6042
13.1479
2.937
12.0124
9.3418
1.9014
10.1187
13.5354
14.9543
12.8799
13.2304
15.5911
13.7532
11.6073
15.0156
2.5938
7.5062
12.4194
13.7605
8.3385
3.922
5.3568
7.6139
11.6043
13.8686
3.8795
1.4747
8.9389
9.9233
12.4692
1.5827
4.383
14.4365
5.8169
3.7351
3.7604
5.2501
7.1347
10.6138
2.7272
11.4649
8.1146
5.479
10.5982
6.1842
12.0723
5.2829
6.3287
4.9054
4.3366
14.0603
7.3023
3.1346
6.141
13.7625
13.0672
15.5152
8.073
5.8413
7.4704
3.6419
11.336
3.7013
1.9891
10.6124
1.9879
13.0672
12.5125
1.3334
8.5665
11.5597
7.0086
8.407
5.6403
2.1071
7.6921
10.4208
9.6644
9.1038
14.3365
14.1378
4.9963
5.9948
14.332
2.6409
4.5436
1.7451
15.3703
8.3913
12.2267
1.7514
6.7377
10.6304
4.481
13.499
13.5718
8.595
9.0243
1.8418
9.7945
2.3736
13.2231
4.7538
11.6869
1.989
3.6465
14.1378
11.7442
7.5814
12.5233
6.865
2.2261
11.9881
11.7641
5.0732
12.934
1.903
9.5128
13.8522
8.5846
2.4854
12.5958
8.0115
14.2709
1.3209
8.4664
4.5642
7.6023
3.2776
3.8591
11.4906
3.6156
11.4074
8.2456
5.7674
2.3109
12.6694
8.9715
8.7678
14.5412
10.6691
11.0126
10.3656
6.3116
1.4434
8.3723
7.3177
15.2696
4.1692
7.8674
5.114
4.6638
2.6699
12.5682
2.6916
1.0823
3.225
9.2042
9.3043
10.5647
10.8462
12.098
15.6422
1.1143
5.0074
10.0308
1.9241
5.949
13.2854
13.2937
5.7999
15.2047
6.5588
10.798
12.2554
7.264
11.0562
10.5015
10.634
15.8259
9.0614
14.1528
15.7074
12.9539
6.9963
2.4901
15.1624
5.6198
10.1703
8.4156
10.4367
15.3606
1.6446
1.9985
3.0912
14.2132
1.0111
12.8725
2.7235
12.8589
8.5639
7.2399
7.6221
15.1905
10.6578
14.3212
11.348
10.8928
8.3641
1.7635
5.6184
9.0669
2.1971
4.3455
3.6089
8.4103
4.367
14.0959
13.4924
10.2135
11.8031
14.9252
14.9291
12.2179
9.2246
2.3496
11.3746
8.7699
14.8746
10.8669
13.9222
12.0115
3.2465
5.7672
11.6478
3.0607
9.3747
10.3531
11.1005
14.0637
6.8759
7.7288
5.0667
10.3665
9.9057
1.8221
6.5406
13.1978
12.1964
7.5502
15.4587
5.5804
7.4969
8.4708
13.2833
14.6466
4.4169
4.6501
7.584
8.8643
3.4862
14.7985
10.4715
15.9709
3.0491
12.2113
12.5241
5.6729
14.6142
4.513
2.6075
7.8248
13.824
1.6981
14.1382
4.6822
5.3835
8.7933
7.6855
2.1871
1.8996
6.3542
12.5183
2.4051
2.9818
2.709
11.5188
13.1936
3.8589
11.432
11.4649
10.66
12.0317
8.4415
10.3601
3.6897
6.095
13.5351
11.2242
14.157
13.4708
4.4609
11.9236
11.4557
9.3364
8.0747
9.8789
8.2136
11.6697
3.2077
2.5598
14.9795
10.8397
3.0401
10.4269
2.4622
12.2358
1.0473
10.5676
5.0286
5.6393
6.8963
2.7263
6.2105
11.3673
12.6417
12.6303
3.8405
12.1349
12.6296
6.1065
2.4664
1.2662
9.8177
15.184
15.1738
10.0629
7.6794
4.1714
3.6857
14.3027
6.0292
3.1345
14.9468
2.6153
11.412
6.0677
15.429
10.2248
5.3249
9.7483
1.2927
15.1527
6.5032
12.6613
14.934
6.9371
5.8313
7.452
9.2997
12.3369
9.7433
1.5304
14.636
3.1599
12.4536
5.7248
3.6168
7.5216
9.8232
2.6611
8.6347
13.7774
3.5494
1.1824
7.6789
8.6134
15.8659
6.9248
12.9498
10.2485
5.5574
12.0803
9.5559
13.9129
4.0969
13.659
5.002
3.6276
14.2428
10.4542
7.6318
11.2049
7.788
7.4406
11.8112
1.0662
13.7539
1.1805
2.5985
9.1627
15.4746
7.388
4.6505
2.9187
8.0524
4.1874
10.6241
7.6026
8.7431
9.626
3.4612
11.9258
7.8052
7.9358
6.4173
10.8642
4.8769
9.4615
6.9854
2.0885
6.0653
9.3195
1.3328
15.0528
2.3413
2.432
2.7863
2.1133
12.9558
7.182
10.3055
10.2602
8.9397
6.1011
6.2227
2.5641
8.9435
12.875
8.3172
15.7004
7.3185
15.4021
9.2115
3.5149
9.5656
4.0928
12.4224
1.0987
5.7207
6.879
4.3963
12.8954
6.2624
7.3472
5.0422
4.4402
7.8351
1.1307
2.6506
3.9245
6.083
2.7116
9.4224
12.164
3.7608
4.6993
13.9972
10.412
10.0948
13.4297
6.4254
3.9039
6.7933
11.092
5.0377
8.6021
13.2441
5.3771
5.6709
6.2862
8.8568
6.8294
6.1343
3.6376
15.3497
8.1129
8.7453
14.6004
2.5518
1.5346
12.0228
5.4548
9.1269
13.4312
3.1813
4.3157
8.2914
11.2017
8.5452
14.8684
14.5242
13.2877
11.7035
13.5622
12.9195
9.4379
3.728
3.1327
13.0006
13.3209
6.2486
10.8828
2.8822
13.7957
7.3529
13.1915
11.2654
5.01
10.053
15.8577
7.833
3.8115
4.2978
14.4192
15.436
4.5045
13.4532
6.9295
1.4605
5.5829
5.581
15.8938
5.3135
7.3156
3.5142
4.7658
1.1894
6.8672
10.4164
11.9448
7.4732
6.0087
6.8335
12.6436
3.3742
6.331
12.7595
13.5983
10.2031
11.5022
5.2945
10.2487
15.1416
8.7892
8.421
11.5403
11.9084
13.4378
15.8647
5.9066
2.0303
5.3659
14.4085
12.4727
10.7738
1.4555
4.6045
14.9334
15.3609
13.0392
10.9126
10.4384
5.2741
15.7608
5.1259
14.2329
10.2054
4.2477
9.6924
2.0237
10.5333
12.4802
5.706
5.6123
12.6358
8.6442
2.7313
7.6705
4.8877
6.6739
14.9459
11.7759
8.8942
4.82
14.2967
6.784
5.2476
8.2992
12.2934
10.0692
3.0711
5.7483
1.0652
3.8286
5.0938
10.3575
15.3878
2.042
8.1227
5.8093
7.2095
15.6598
10.2926
7.4046
11.7748
4.8904
1.2071
6.3605
7.5528
4.036
8.3585
15.4429
5.43
1.2618
15.8084
5.0456
6.5591
13.8595
5.8464
8.3333
6.4704
14.1764
4.2855
2.8708
14.0928
15.1203
6.226
14.5121
11.2052
14.3922
13.9587
14.9707
2.1333
9.7831
5.7216
6.3117
14.365
6.6495
3.2655
12.4143
11.897
12.2037
12.1663
8.3203
14.8874
9.8957
14.9589
10.3121
9.2475
14.0845
14.7701
12.453
13.9295
10.153
8.6948
10.4268
1.6245
3.6166
2.0501
14.6117
4.5402
9.9381
1.4503
7.9666
3.8702
9.3897
6.1402
3.938
4.2701
14.6579
2.3552
11.1497
9.8245
15.6287
7.6879
14.3286
5.8335
1.0004
5.3985
13.4448
9.8103
5.5675
12.1831
14.4537
6.6317
6.8676
2.3879
4.5751
13.605
15.9783
7.871
6.0299
12.7406
6.6134
8.7566
11.982
15.7267
11.9336
5.3024
2.4977
13.9389
6.6823
6.7274
10.2949
11.4147
9.6572
12.4929
15.7559
13.3596
9.002
1.556
10.9994
10.183
2.9739
4.9931
2.4029
14.9062
2.6685
5.4819
8.2319
6.7543
11.1476
9.8881
3.0555
1.794
1.4899
9.1513
13.2324
10.9193
3.8704
14.5688
12.4666
7.2044
1.316
14.7679
3.765
12.0193
15.2777
8.1198
8.5981
14.5347
9.6163
15.2383
5.8458
13.2243
14.4211
4.4545
3.4571
11.8418
6.9066
10.961
15.6625
9.6977
1.4255
9.6151
3.3211
8.8935
12.8457
14.4214
10.7464
15.6238
10.9662
11.5765
4.823
15.1895
11.4016
15.7689
10.4177
13.1686
14.1124
3.1555
9.09
9.7797
13.9999
3.3142
1.6629
7.133
5.6173
15.3696
9.279
3.1478
15.0475
14.3615
11.4157
1.0857
8.7361
2.857
6.4405
4.9577
2.3678
6.3217
2.5748
3.0497
11.2784
8.3979
3.4133
3.7243
1.436
5.0937
8.443
1.3598
15.6111
10.2555
13.3501
6.2745
13.5219
5.2987
11.448
2.0191
3.5419
1.1371
13.1793
5.0988
9.6103
15.2013
15.8151
14.3668
5.0152
4.1329
9.9713
12.4666
5.6675
10.8917
4.9291
3.7758
15.7868
13.0903
13.7172
11.1979
8.2578
12.395
1.2285
12.7162
4.0231
11.6473
3.1092
6.3495
11.8804
13.3729
8.0873
8.9328
13.4207
14.0509
3.628
3.5742
5.0486
10.2779
9.06
1.5484
4.8173
13.6846
4.262
11.312
14.6745
9.5888
9.9217
1.5116
9.8468
4.2803
7.2056
1.9103
8.9403
6.5193
2.9331
11.1519
7.086
2.9885
3.151
13.2962
5.403
14.8631
9.9457
13.9846
14.4097
14.8686
14.7098
10.5082
7.7118
6.6966
15.1479
13.8033
3.1178
3.2059
5.1194
6.6516
4.4858
2.6764
3.4064
15.5708
15.5652
13.7901
4.5166
1.4391
9.6332
2.669
8.4037
12.6225
5.5471
7.8238
7.8021
2.6531
3.4493
1.9889
13.6908
13.8189
10.5274
11.8515
4.6463
2.1363
1.0819
5.4434
6.4103
10.1259
2.2937
4.9635
4.1091
1.8009
14.677
4.139
7.5812
10.5218
2.8891
3.6897
7.0321
8.0698
1.4812
5.6048
15.0185
12.2318
12.57
10.6109
14.2606
7.1247
3.8332
4.4622
4.466
3.9796
1.5176
1.8162
3.5731
8.2613
8.9484
14.2755
12.3674
4.9212
9.3493
1.3522
6.0201
9.5228
11.7336
1.0834
2.7336
3.3259
15.7796
15.3673
4.7964
11.3687
9.407
10.002
9.8216
13.8961
13.2623
12.3112
14.9011
6.7704
15.1923
7.0658
5.5471
12.2932
8.7351
15.9332
14.6654
14.5087
7.0675
13.632
15.604
13.3331
7.4028
4.7042
10.0357
7.628
10.9894
4.757
14.6823
13.8718
9.2282
12.8362
10.9718
7.3178
1.0495
4.6033
6.1504
14.8689
9.2327
1.0014
14.6998
10.7403
8.0779
7.4951
2.01
8.1877
15.43
8.9296
7.602
4.1146
1.1906
4.7035
3.4611
1.5176
15.2905
9.5057
7.491
13.4108
4.7061
12.2289
10.6594
8.8152
2.5417
5.8367
2.2465
13.8312
4.4142
3.2027
7.3811
14.1087
13.721
9.6438
10.676
3.6101
3.4135
5.1474
7.2839
2.6578
4.7041
7.3855
4.0795
7.1862
13.9966
10.4861
14.2611
13.617
13.1732
5.3155
14.724
2.2194
7.7713
14.5241
12.851
6.0236
5.3423
4.1286
6.438
11.4063
5.8852
11.6088
8.5203
7.8326
1.438
6.5009
3.9701
3.8196
2.0219
11.6735
8.5372
7.9897
10.2355
5.7649
7.3421
9.7458
14.4028
14.1706
9.9081
11.2097
2.3203
6.4162
9.6062
6.6812
15.7681
5.6691
13.651
6.4782
7.5967
9.7418
8.5156
4.9567
3.0617
15.1535
5.0634
6.3536
6.9775
4.6869
1.7057
10.4768
9.843
14.7676
13.3829
9.7321
13.9789
13.3295
3.9539
2.0638
6.3442
14.3616
5.9651
8.8478
12.6673
6.7118
1.6137
3.1791
15.5782
5.3535
13.1174
6.2988
1.4653
15.8068
1.2493
2.9124
12.628
5.9142
10.3226
7.7418
14.2527
10.7719
14.3269
13.6554
7.0216
5.4619
1.499
11.4876
13.6168
7.2243
4.2652
12.6838
6.2399
15.4115
8.4345
7.3974
1.4852
1.0115
1.8932
8.5297
6.7968
2.4113
3.5069
6.4824
5.0417
6.9564
14.6413
9.2188
5.7072
1.2275
11.8813
11.5086
1.4216
13.5633
6.1549
11.3707
1.0934
12.8821
7.4533
7.9914
13.2105
4.3893
15.1853
2.8225
13.9764
7.3608
10.693
14.9549
13.8606
6.4921
9.8828
15.7486
14.687
6.7367
6.9343
4.8267
5.2923
8.2947
12.7473
7.8397
12.0144
8.5695
1.9673
14.1049
3.2902
8.7088
9.5848
1.5223
4.6957
11.4856
11.7432
14.1746
3.7703
4.1797
11.5456
4.2766
5.2471
3.1032
13.1193
15.5554
14.2898
13.4853
8.4102
8.2404
10.5669
8.5666
5.9765
14.7344
3.527
4.6218
1.1382
9.502
2.2838
11.2033
6.5351
4.5368
8.6617
4.079
13.6315
7.5365
9.2411
8.9286
13.0088
14.6723
3.0143
8.8084
1.9363
2.9868
13.3232
4.2856
6.2834
9.705
11.4045
3.0817
8.1032
7.4811
15.2294
7.6765
2.9646
12.5334
9.575
5.0023
6.8691
12.3115
3.6961
13.1205
10.4218
4.4712
9.102
3.4502
6.2037
13.1821
3.9818
7.2036
14.111
14.485
9.549
5.9691
7.038
5.4406
6.7536
10.0643
7.6427
4.6371
3.0328
2.3844
10.6203
13.3602
13.031
2.0056
13.8514
4.2899
5.063
11.4647
11.5447
11.0749
12.1834
12.6255
13.9674
2.55
13.3449
12.958
11.4095
2.6421
10.7088
3.1333
2.0915
6.4815
9.0837
10.7678
5.9928
8.1564
10.3605
10.6375
2.7042
8.4967
13.8646
4.5487
4.587
6.9939
14.3132
12.6345
12.1504
15.1637
1.8706
8.1854
5.3098
10.9019
5.4196
10.3175
1.4905
11.7916
9.8295
12.9998
11.9539
2.6018
13.8282
4.262
7.578
12.4742
13.227
1.5127
14.1871
1.4873
2.5541
3.9474
2.832
3.0802
2.697
6.5854
14.987
7.6127
2.266
15.9063
6.6877
10.8326
7.3144
4.5774
10.6056
7.4109
10.442
12.4758
8.3633
7.4799
12.1923
9.0159
14.1254
3.916
14.1429
9.146
11.0827
8.6885
1.456
4.054
7.6366
9.2253
1.2915
5.3868
15.8708
14.1221
4.4407
11.4343
6.1435
11.8995
10.4565
12.732
12.4411
2.7515
4.9525
1.8466
15.3173
6.0838
6.9095
10.1618
5.5652
9.3009
11.3812
1.552
14.2561
1.5081
3.8393
13.1644
1.8177
7.0581
7.8367
12.5849
11.5328
13.1322
6.4497
8.2042
10.4933
8.9197
10.0504
15.7795
12.6675
9.4891
9.1816
5.8231
13.4712
9.3854
3.2816
13.503
7.2192
10.1612
12.5846
14.3787
5.0928
13.2465
15.363
12.698
14.6631
4.4518
15.142
13.1851
7.4295
11.5516
9.2817
1.0377
6.9114
10.1724
10.0307
5.4204
2.5671
3.5065
8.9552
3.3635
2.6409
3.131
10.3864
7.723
11.2897
15.0751
6.0058
5.4954
10.745
15.1714
8.2314
14.2384
8.3095
9.4551
10.9234
15.054
2.6845
3.6802
13.865
11.1299
12.0664
11.3724
15.891
3.5559
8.3859
15.3478
13.4397
7.7703
4.9932
5.997
5.9063
3.9399
3.3443
4.7275
13.7554
7.3462
8.6762
14.9687
14.0765
13.13
11.8594
9.2124
10.407
11.9128
12.4658
9.2641
10.218
14.1733
5.7601
14.6062
4.0325
6.8727
12.3736
5.2745
7.7111
14.1563
12.2735
15.661
13.4014
13.4798
1.4801
11.4518
10.3241
3.7233
9.6145
2.6937
14.0307
1.4401
12.9249
6.5038
11.6459
14.1453
11.4325
1.3624
14.2372
7.6591
15.8451
6.6128
3.131
3.1227
5.7234
15.7671
11.0403
7.0908
15.408
10.5147
12.1967
3.1298
14.6893
10.6843
8.9359
9.3056
3.2761
15.8922
2.5595
6.1867
4.6815
14.2586
5.6195
3.8586
13.961
5.3557
15.9642
12.5869
15.8769
5.0973
3.1523
13.2232
10.2778
3.4777
4.2152
15.0555
3.7858
4.6145
5.51
10.5928
6.6898
5.8718
1.1008
10.6214
4.0923
6.745
5.6804
1.6889
10.0407
6.7185
1.5437
8.7137
8.3044
6.6894
3.1662
3.9798
4.2553
12.0179
2.0814
12.3974
2.5967
2.459
10.8487
13.0461
5.6544
8.2768
11.0646
8.9578
7.8805
8.2137
15.4264
8.1775
8.3566
9.7884
7.3631
9.6364
4.6824
3.2282
12.6229
10.0503
13.8983
3.7778
13.6838
14.48
1.6821
12.3645
2.6247
7.1728
5.9191
11.6211
6.8059
1.64
7.5864
9.4383
10.0592
5.5901
12.3468
8.2994
13.4131
7.6485
2.5286
14.4532
6.4454
13.2828
1.9881
3.4691
12.5665
8.7166
5.3218
3.2799
13.0977
10.5147
9.4754
15.8396
15.3854
8.4858
11.9092
4.9028
1.4371
4.5539
4.5185
8.4092
9.8166
4.7874
7.4462
11.5394
6.2382
9.6679
1.9913
10.6622
11.4773
9.9991
2.4929
14.1884
11.4715
3.1706
13.6866
12.4762
11.7178
4.3588
13.6943
3.5343
15.1281
1.7912
11.6242
10.4561
11.5641
6.2744
7.7905
8.2145
4.1081
15.2677
8.8189
8.1686
1.5391
3.0416
8.9632
9.4069
7.6402
7.4597
10.5719
11.5579
11.9478
12.7954
5.4058
11.6052
6.7766
5.6903
3.1168
13.5222
5.2763
14.0263
6.4006
9.0513
10.0036
11.9966
10.7955
2.219
7.8004
11.7636
9.9229
3.0695
3.0631
10.7835
11.6196
10.4211
4.3422
14.9835
14.6094
7.9836
1.8467
6.263
2.6904
3.7885
13.8894
15.2036
4.1575
12.263
10.3461
15.9128
9.8193
9.6541
10.2309
13.6866
9.9551
11.0936
7.5564
6.7587
3.0303
8.7189
5.2683
7.703
1.4601
6.1261
8.6086
3.3622
8.2591
7.8682
11.4399
6.1003
12.3285
9.2873
1.8253
6.9696
2.2913
7.3496
8.558
1.5097
1.9202
13.2115
5.0328
12.6506
4.3986
10.3143
2.5496
6.3889
2.9775
5.0141
11.4432
6.43
9.8904
14.3454
8.6294
1.0758
10.0556
5.2514
11.7514
2.747
1.7643
3.5323
1.5588
3.41
3.5615
9.3522
10.5263
11.6221
15.1467
7.8816
15.0345
3.5394
7.0422
12.7911
4.074
13.4587
1.7161
14.4422
9.9332
7.2018
3.3505
4.3358
7.6272
11.7263
8.7104
11.8276
11.9163
2.8107
5.6863
14.0896
10.0161
6.2418
6.4255
8.5486
6.5289
2.3587
8.9166
9.9824
1.9169
15.5867
6.8111
8.5677
7.1649
4.9671
11.1232
1.4356
6.7427
15.4351
11.9334
3.0178
10.0406
7.6412
1.1332
3.7561
15.8499
3.6431
4.245
1.8933
6.2579
9.0731
15.9142
11.4045
10.7307
4.6904
5.8201
5.7223
7.1192
8.8305
6.0388
13.6248
15.5592
4.5942
9.3597
5.8113
1.9832
8.6311
15.346
7.4641
13.9523
7.3275
12.5373
14.8767
4.0523
7.4331
1.9033
10.4806
14.5799
9.5234
6.009
8.8684
12.4601
5.9611
9.6078
4.0487
8.0488
15.5153
10.0058
3.0813
3.2965
11.407
5.8761
14.5277
2.1643
10.673
15.8632
2.6618
5.6594
5.9878
13.9085
1.418
14.2774
4.4864
13.8272
14.4155
6.544
9.0258
10.0488
11.448
8.9106
15.2823
9.9569
6.8267
4.1814
8.4722
4.3971
7.5435
10.633
2.4792
13.83
3.009
2.9281
14.1645
6.5487
14.6624
6.2963
15.3459
4.2558
9.9924
6.2271
2.8926
14.5688
10.8019
2.7308
4.936
4.442
13.9941
12.4689
14.1752
14.8328
3.6402
14.7743
9.1382
6.1802
5.2877
10.1706
7.3902
5.1837
6.5991
14.3019
7.896
4.7632
8.2596
2.8377
11.9732
11.9314
10.0779
2.734
4.4583
11.2629
9.8342
12.7338
14.068
11.3003
1.1223
5.8293
11.0718
5.5457
1.1015
6.3522
2.0854
7.1946
7.1757
5.196
14.1019
12.4073
13.7758
4.81
1.3221
4.2045
13.3197
6.0867
9.4481
5.9574
14.023
12.4947
15.6457
9.6629
10.757
9.3744
4.3652
4.5082
1.4502
1.0522
10.9916
8.5624
8.2241
2.9755
14.0608
2.3246
12.5159
7.695
11.9267
1.4682
11.7709
4.8108
2.261
13.2156
9.7999
7.3661
3.2359
5.194
13.357
2.8768
15.3001
14.0601
4.271
13.2527
6.628
14.1791
14.0306
10.5185
15.1554
1.8605
3.9449
12.3583
10.4599
9.7161
3.5544
12.3836
13.1243
5.9751
10.9024
13.5565
2.6702
14.2873
14.534
8.8698
14.6069
14.9552
2.9953
15.0771
13.1267
1.5224
14.0862
9.852
3.1562
2.7995
7.9065
12.855
7.736
7.7581
3.6485
14.7679
9.7608
9.4188
5.5789
1.0659
2.7252
3.1536
3.8104
1.5378
13.5159
12.8474
8.7628
14.4373
5.1521
13.8102
3.3454
4.8476
4.9555
11.0366
9.2575
3.3227
1.2483
4.785
11.9424
10.6455
10.8625
3.1778
1.6471
8.8231
11.2928
5.882
8.1635
6.2418
5.1066
9.1702
1.2355
1.8064
3.9198
15.7645
4.6928
14.732
2.401
7.3529
5.1436
15.4463
2.7663
11.9969
2.0716
9.0332
4.3606
7.4067
3.2535
8.5378
15.5754
3.9335
11.798
1.5451
5.3292
6.1473
7.0216
15.2103
11.233
9.845
15.9509
15.6988
7.9045
9.5089
9.2634
5.08
3.3498
4.2222
2.3156
14.9807
14.0078
13.5529
8.712
9.6539
2.4484
13.043
11.1311
15.6576
9.1458
6.7708
10.6859
7.3381
5.1629
12.3537
3.2025
1.5916
11.6582
7.0964
7.4781
8.96
13.22
7.4692
11.0561
6.1621
9.2394
15.836
10.869
8.6929
6.7022
14.7689
15.2031
13.7437
11.1906
8.1905
14.0716
8.0537
4.5245
13.7887
15.1169
1.6437
7.1166
1.8957
5.1381
15.8438
5.189
5.4369
10.5515
9.5194
2.4157
7.5733
5.4109
10.3422
13.608
3.7893
11.9995
9.4794
12.1913
11.2238
12.3845
2.1271
10.6328
8.8713
2.2288
3.4012
2.6064
8.8862
1.6754
14.0468
14.2698
12.7484
11.8868
12.5155
13.1704
3.5601
7.5325
10.1781
6.8492
3.0171
8.8184
13.1952
1.9901
11.2535
6.2819
7.6491
3.3853
3.4723
2.6113
8.0187
8.558
11.2844
13.3691
5.2346
9.4431
7.5336
10.7032
9.0106
12.2969
1.9397
7.1845
14.004
8.4068
2.793
3.0921
10.6681
15.6343
13.2052
3.0485
15.095
1.825
6.6292
4.3892
5.0174
7.908
10.7491
10.2362
14.9358
3.7524
5.2679
4.9099
8.9275
2.5819
7.9216
14.0993
8.1622
1.6447
6.2645
9.3959
1.8126
12.3755
12.7774
15.7663
13.7384
12.4168
12.0982
5.1564
5.7306
1.1026
13.1122
15.7932
8.0608
5.2079
9.0962
7.0465
9.4131
6.7852
9.8816
5.7674
6.9428
1.9534
3.1345
8.4401
15.1247
15.426
14.9022
14.984
13.6594
12.2467
3.0208
11.0859
2.3165
10.5193
7.7355
3.6389
4.4446
15.6647
2.4177
6.4278
6.5257
8.777
9.5289
15.659
13.7142
14.07
13.2103
3.6221
11.9632
7.663
15.9374
1.2208
14.4529
9.7245
9.6354
12.9758
6.452
3.0089
14.1852
15.0987
4.3266
7.2864
2.3098
2.0271
14.8773
2.7861
5.06
7.0311
15.192
7.9329
12.81
9.7489
7.5939
11.8307
11.6481
7.5058
2.172
7.2017
13.0389
1.7067
15.8277
2.1892
15.3304
12.7956
9.788
8.0998
4.0035
13.7649
7.8587
2.884
11.1015
11.2188
4.7131
2.1764
13.0096
12.0168
8.4578
9.5575
3.4869
6.2827
1.9668
5.1105
12.5742
7.4025
6.2039
15.8104
7.3102
4.0163
7.4428
2.7337
7.5377
5.7227
10.7757
15.2624
10.1808
12.2475
15.1305
6.5251
11.8817
2.7765
15.6129
13.5715
15.1584
2.8065
15.7807
2.6679
10.4609
7.2538
14.5352
6.7985
3.4192
14.0622
11.3014
15.7052
4.0788
10.0016
8.6981
8.1193
8.2953
6.6786
11.9073
15.4328
9.3437
13.4087
6.045
1.4081
11.7262
15.4684
10.5714
14.0885
7.3585
12.1726
3.4005
11.6374
1.2608
5.4187
14.3917
15.3996
11.2587
10.7559
8.9732
12.7499
13.0476
4.8614
6.1522
2.5814
6.852
3.5906
8.3965
7.4871
5.9221
8.2977
15.6707
13.0426
2.2557
7.6612
15.7612
1.5617
11.154
9.1286
9.5907
9.3734
4.2253
1.4406
9.7422
7.5298
10.1702
8.0776
10.2008
13.3996
14.8063
14.3799
9.5227
5.5516
9.2867
10.9958
4.4755
8.432
10.055
5.0614
4.0911
15.1845
5.1075
1.5818
1.1209
10.9843
14.4437
10.5639
8.4661
7.3908
8.6388
6.8049
9.9305
3.9086
15.5098
7.7212
5.6174
6.8225
14.6319
3.132
3.1772
4.7458
6.804
12.3724
6.1058
4.3299
8.4719
12.1482
7.355
7.0463
10.6805
1.4282
7.5605
10.7908
8.5226
13.0209
6.1299
11.3766
1.8383
8.1705
5.688
4.0286
13.3229
14.1032
3.8805
4.6046
7.6885
2.2055
1.3668
6.1897
3.1392
8.997
5.0416
15.1202
11.8082
11.5924
9.1452
3.0789
10.7643
4.6316
2.8758
9.8241
15.5862
5.9066
14.7837
3.5803
6.0649
12.3348
9.6468
5.1853
12.2282
11.0064
5.4743
2.9642
3.3228
12.7621
4.4089
2.149
10.6018
6.1738
1.0709
10.3651
7.5106
2.1589
11.1514
3.3753
12.6164
5.4284
13.6711
8.7747
14.7948
2.4798
4.5626
4.669
6.7244
1.8527
7.5245
6.6778
14.2692
8.1817
2.9376
15.552
7.1427
3.3238
1.2514
11.9443
1.2544
8.6014
6.9584
2.8278
5.7171
15.6678
2.1622
10.6172
7.4058
11.0106
4.3639
2.4962
10.7179
13.9361
14.6144
6.0693
2.1372
10.5637
2.7977
14.6119
6.6525
8.758
14.4084
8.1927
10.2074
3.1622
15.3692
5.2499
4.045
4.3884
8.7829
14.9149
3.0427
8.2299
15.5263
1.627
5.7449
14.165
5.9194
10.9387
4.8469
1.0359
5.5258
15.0424
12.8576
9.0298
14.1347
4.3279
1.6298
5.3837
4.6609
3.5139
8.7074
3.6807
8.8129
12.8218
8.3109
8.975
15.432
5.012
12.4107
9.5339
14.2781
9.3069
13.7718
12.2803
15.189
7.8795
4.365
1.9707
13.0571
10.0401
9.9222
3.3894
11.472
15.9515
4.2573
13.8404
15.2663
12.8924
7.0782
8.9624
12.9221
11.1304
1.5548
15.5828
15.5393
8.014
8.6538
11.609
13.9284
5.9031
13.6298
12.3856
12.0964
3.7883
9.2859
13.9433
15.1956
11.0635
12.1484
13.0345
13.5858
14.2928
7.1119
3.1264
2.9424
3.9781
12.6136
5.521
12.5377
7.9563
6.7207
4.7456
10.294
10.0506
3.0869
3.3257
14.9789
9.1104
4.3279
10.4143
2.6481
13.9313
6.1827
13.7007
3.3904
6.3548
9.0574
2.7649
12.2478
5.2164
12.4929
14.0971
9.098
7.7085
2.6782
13.757
4.3108
6.7992
2.7067
15.9082
14.2303
1.6991
12.2145
4.8469
15.1179
7.7009
12.0711
5.9617
7.4167
15.9875
13.9839
4.4198
3.6581
15.1339
8.462
13.6856
9.3581
8.7731
7.1693
2.9172
3.528
8.0622
13.2818
11.1411
7.2179
6.3558
11.9827
14.2306
14.4326
9.4639
4.4357
4.5388
6.2989
10.045
8.9836
10.0816
10.509
7.4883
4.1539
10.5488
15.6817
10.6787
1.3411
11.3945
3.0456
9.0767
15.9876
4.4609
9.489
2.1712
2.3611
4.2246
13.7732
1.8492
3.1296
7.2749
6.6518
14.3962
14.6292
15.5384
5.895
11.4739
12.8222
15.4912
7.959
15.4351
12.2209
9.9654
10.54
10.9795
11.0625
1.6962
14.8418
11.1041
3.6493
10.9898
14.6632
4.6815
1.6994
9.5613
7.6468
9.494
13.3199
3.5791
15.4657
2.3955
12.2477
12.1215
9.2771
8.4893
9.3553
14.2815
14.0724
5.347
8.0405
6.9982
5.3519
4.2769
7.2643
2.1083
11.5407
6.0438
13.9559
6.7024
13.9558
8.125
12.9818
7.8679
6.8699
14.3886
3.4209
12.6463
2.1187
4.362
14.3972
10.8672
13.8123
10.5871
9.2397
11.8813
1.0734
3.0811
4.4958
7.7284
4.8945
6.7534
9.1463
7.3904
13.6559
3.1519
12.9268
12.8513
11.9274
3.0846
12.8193
3.8623
15.3108
1.9013
5.9503
4.5336
1.0275
12.4423
3.914
7.8635
11.7437
7.2503
2.4604
10.8747
1.8111
7.2597
14.6974
11.4735
15.8543
4.3288
3.5689
2.0336
5.47
15.0156
2.3411
10.9256
8.5976
7.2526
7.5259
15.7859
5.0911
2.7593
7.6651
15.4531
4.1173
6.6056
10.9269
1.1862
3.6675
13.3241
7.2239
4.7774
8.8746
10.5582
4.5863
3.8164
2.3277
7.9543
6.659
14.4795
11.5049
6.7854
14.788
6.6832
6.1875
7.0327
5.0714
10.2178
3.6128
1.9955
9.974
3.6526
5.673
15.9955
6.9341
5.6516
1.3499
13.7114
15.2239
2.8845
14.7168
14.3259
14.07
9.9078
12.8684
6.3044
1.9674
9.7168
9.9642
7.4048
8.28
14.9441
12.3503
5.1321
13.0917
15.8223
1.0705
4.5603
7.5485
11.7316
5.7051
9.6455
11.3618
15.5847
12.968
1.7199
12.0357
12.2436
6.6863
14.5175
14.4592
10.2936
2.1229
3.7808
7.9312
2.213
6.2671
7.2765
8.1043
12.5728
3.432
9.2944
1.0196
15.0715
7.2752
13.9995
4.4216
13.4817
9.927
13.6995
7.6733
11.9926
6.5692
1.693
4.561
7.3286
7.6571
15.9104
14.9739
8.1429
2.1276
1.1042
5.7861
4.9458
11.7161
9.3815
7.7297
9.067
14.3459
1.2369
7.2835
3.9312
8.2242
8.6298
4.4675
5.2301
10.0462
3.5621
12.0674
7.9809
4.196
14.6315
9.1485
1.6968
12.2564
6.7259
4.4904
1.4917
9.123
8.3662
5.5143
6.101
5.7859
6.739
10.2363
8.8561
7.5855
9.6549
7.5584
2.5138
2.0613
12.8063
3.4325
8.728
8.5245
13.3119
4.7375
6.0712
7.6969
10.4394
11.0925
4.4773
11.9499
2.988
1.112
6.8819
4.3015
14.9711
8.4544
7.4154
10.4633
11.315
12.7851
1.8287
2.919
4.9555
11.5465
11.646
5.0935
3.8418
10.0
15.0317
2.177
12.3116
5.1344
11.3607
2.6577
8.1208
15.1534
6.2284
13.3962
12.071
5.5365
11.6406
11.8367
14.3135
15.9479
4.2379
11.2906
2.5448
15.8607
10.9696
13.732
14.6948
8.2532
10.8176
3.7664
15.0656
8.6552
3.7104
13.043
15.4607
7.7712
5.4191
7.8439
8.3842
15.5986
5.8933
10.8987
6.6369
9.6834
15.121
8.8993
5.0932
7.8895
10.0927
13.1501
5.2787
9.6858
11.9537
5.0347
14.8787
9.7696
14.9086
11.198
5.7711
14.6997
8.1871
2.3142
12.256
3.764
3.7385
2.0568
14.3771
15.1581
14.4236
12.7606
1.1579
2.3131
15.308
11.545
1.7058
8.3785
3.3746
8.127
4.2819
12.588
14.3471
6.227
7.0353
12.7693
2.6218
14.7387
14.3266
6.9214
3.2826
14.9568
7.5602
14.1196
8.0976
15.0509
3.2752
7.3162
6.6206
3.0771
6.7108
14.6603
7.9746
7.8539
13.0753
2.1451
1.8998
6.8485
9.7743
14.74
4.6111
11.7933
6.6005
3.1341
9.2186
11.5269
12.0255
13.1739
9.6262
8.8472
14.7959
8.4455
5.0123
5.5377
11.8011
2.242
9.0214
15.7594
13.639
5.0423
3.922
14.1146
10.2393
3.6636
8.3663
6.8087
12.7039
1.4982
1.4872
9.0374
5.1157
13.0676
6.4124
12.9597
14.2306
3.4247
5.0774
5.8237
1.3474
15.4923
8.5662
7.4896
8.9057
7.4158
8.0965
1.7823
7.9563
6.028
10.927
4.3998
8.8802
4.6687
9.9497
13.642
4.517
6.1258
8.2025
2.5622
10.7704
15.4232
4.2116
4.2776
8.9149
7.0531
12.9568
5.7862
14.0105
10.8737
12.7698
3.7524
2.0988
8.7772
3.35
2.1443
12.0401
14.7753
12.1472
1.3495
13.1769
9.5504
11.27
7.6107
7.7371
5.6049
10.4287
14.8617
14.9709
9.5317
11.1103
3.3175
15.5402
6.6625
12.7238
4.2338
15.945
11.2686
8.9626
11.2908
15.1533
12.7395
13.0146
3.4775
6.1846
5.4747
3.1483
4.8851
7.2011
6.5869
6.1568
1.5875
14.5858
15.2169
1.9745
1.6578
5.1305
4.0773
4.4061
8.1594
13.677
6.4951
14.9352
9.4037
10.0194
12.6909
12.045
6.7386
13.2839
6.0553
10.0066
6.3902
7.6958
3.0561
8.6843
1.5909
3.0772
9.2625
14.9187
3.7367
2.8012
4.6895
1.518
2.2786
9.1455
10.1657
10.3879
10.1441
2.9782
15.2672
15.795
2.0658
8.0893
7.1702
11.4589
9.8826
12.3596
1.4403
10.3971
6.0314
13.7558
10.2148
14.7136
15.8548
1.3518
12.4506
1.1521
2.2725
10.7702
10.8828
8.3544
6.9608
10.5125
10.4343
1.9701
2.8725
6.6702
1.6431
5.7667
14.9343
12.9467
11.3198
3.0283
5.3983
3.3421
8.1128
6.7983
15.2992
4.8054
11.7664
1.0787
7.7106
2.5467
1.7494
7.8118
14.4196
9.2412
14.4118
8.037
4.1581
7.7438
3.3928
4.2766
3.6264
12.1337
7.1079
4.2345
15.2758
11.0469
2.8899
9.0965
9.274
14.8278
15.6098
14.3684
11.4497
13.8067
2.4994
9.3154
6.1479
14.8886
13.3815
3.3391
9.5316
1.1901
7.5133
13.277
8.2343
6.4089
12.9363
12.3136
11.3934
3.0579
15.166
11.3043
8.3912
7.439
1.4754
5.7488
13.5477
11.5819
10.0304
10.1349
3.0273
10.1091
11.8538
7.1746
2.4639
11.1386
8.6325
6.9589
15.7351
9.3384
8.1676
6.8206
4.1504
12.3983
13.2269
3.5265
1.0669
3.1438
4.6857
1.3113
9.8764
14.5277
11.5882
2.2845
2.0131
2.0439
14.7213
12.4498
15.7425
3.1942
10.2973
9.7316
6.2504
11.6288
12.7115
3.0278
3.0061
12.902
9.6096
5.6867
5.4671
15.1976
5.3816
1.3471
13.2677
11.8163
13.7021
12.6953
11.9923
3.707
10.3384
1.4213
3.782
13.788
2.3952
7.7028
6.3265
13.9385
12.9272
3.1906
15.3369
14.9366
9.5173
8.6524
1.19
4.5481
8.8379
2.4724
11.6963
15.3775
6.798
10.4054
6.904
14.3706
12.6354
6.7123
5.9397
10.8914
14.2827
2.0849
5.8844
12.5494
3.6756
11.4076
1.0748
4.5339
5.3037
9.0341
3.3362
13.3074
6.0601
15.9478
2.2595
15.1341
8.3451
7.224
10.5688
7.0123
1.9462
4.3889
4.2031
4.4978
8.3427
2.3303
1.4997
3.5089
15.7602
1.4709
7.5266
5.8105
15.1464
12.4577
9.4756
1.9312
11.992
14.2842
9.9175
7.3033
4.7962
7.4223
13.1331
9.5939
3.0172
9.2901
9.6703
8.6577
1.9336
6.9577
15.5429
14.8695
7.4936
6.8785
13.2662
13.3486
1.9711
14.0505
8.4022
14.7119
7.6157
5.4327
2.4642
6.4058
9.0107
9.0349
4.595
11.7103
4.9505
8.8246
5.7446
9.6806
12.8581
13.6735
3.3183
4.4365
15.5684
13.3833
9.5479
10.47
1.2838
2.0725
10.0508
8.8898
6.5703
2.6333
15.181
12.1831
5.8883
11.4017
13.4413
3.0297
7.4069
15.0233
10.3112
11.9932
6.0768
9.6344
1.2283
13.5483
12.9722
14.1098
3.5256
9.154
1.2351
8.3499
11.1655
6.618
5.0372
14.7209
7.7805
13.011
12.775
9.2481
6.3804
12.4894
14.3207
5.2255
1.3325
2.6712
6.6812
1.8652
3.4159
7.7353
7.0664
9.1931
4.3364
7.4234
9.9308
14.8512
12.5938
7.5676
15.4876
7.9545
10.9227
9.1112
8.5043
14.8227
7.454
8.6318
7.5839
7.5658
10.4553
11.2107
12.3324
14.2289
7.6461
1.1446
13.9039
3.43
3.8163
1.4542
14.6834
8.8517
14.6075
10.8961
4.8731
11.7615
3.6633
4.856
9.2198
7.2759
14.2908
1.194
11.2079
5.0556
9.9672
11.0611
10.6435
12.7995
12.8298
6.6929
3.8666
5.9466
11.8941
2.957
11.8682
7.3883
10.4928
14.3773
9.2851
14.1814
14.5777
11.3149
9.3619
8.0267
1.4639
14.5728
2.6717
11.1523
7.9427
3.1
14.7513
7.0168
10.9231
11.1576
10.2281
6.2771
10.2959
7.3361
15.7635
10.4297
9.681
5.8155
13.9061
7.81
7.0391
9.2895
10.909
8.1234
3.328
9.7573
6.1522
4.9405
12.0725
9.1374
6.0337
2.2928
1.9622
15.137
3.3525
11.4253
2.4018
11.2319
5.8131
15.8419
13.1737
11.2912
7.7433
11.4216
10.6691
11.1655
6.2599
2.171
6.4479
10.9353
15.0775
8.8229
13.7614
2.7241
11.0506
7.1111
7.1619
9.566
1.1199
15.526
11.966
15.4895
10.3476
3.9603
9.8389
6.0566
6.4266
1.9531
14.9012
2.813
7.0985
2.6949
4.3651
14.4016
13.015
10.7668
10.2711
8.8775
15.4675
6.7214
7.4298
8.0201
7.3302
6.4667
1.1249
4.5083
10.5854
9.3755
4.5658
12.0913
6.6818
12.9869
5.3741
10.69
6.7407
6.2278
5.1311
11.5185
2.7319
2.473
9.8418
7.1081
10.8226
3.299
6.0999
1.6601
11.9282
6.45
7.0859
15.8716
7.4099
5.3422
6.9697
2.6948
9.5895
10.2706
9.3807
6.3663
2.7846
1.2244
4.1903
8.6492
11.9415
12.5045
5.8179
1.3105
5.0054
7.406
2.3605
6.872
2.5795
7.8521
1.9039
15.9744
1.524
10.1093
3.4459
7.1873
12.2667
1.0695
14.2226
6.9147
1.7067
2.5183
3.5152
12.6341
4.9511
8.3527
3.508
1.1571
12.1921
10.4762
13.7247
6.8359
14.1539
3.015
15.752
5.7169
1.9145
9.1897
5.3311
3.4806
10.0567
2.1886
6.352
10.3643
2.5097
11.8117
9.8813
14.5073
4.6065
5.625
15.1536
4.4831
13.7044
6.4684
2.2895
6.402
13.0012
7.2302
8.4716
10.3653
6.9578
11.3629
14.5117
9.2571
13.3709
12.5559
5.7233
4.682
13.3682
2.5101
5.3088
2.1646
1.9709
2.1818
7.2409
2.1345
9.6758
10.2602
2.8334
13.1457
15.7018
11.6507
11.2426
3.4288
14.4932
4.0848
12.7162
12.7525
5.1056
3.5598
10.3866
7.1978
10.2428
11.3573
14.9254
1.2639
3.0721
14.6675
13.2109
4.8493
5.4379
15.3771
3.0651
14.0709
5.3781
14.6595
10.4261
3.7944
1.1895
13.9819
3.624
15.4945
14.8656
14.8606
13.9681
14.4036
10.0895
8.298
6.4821
15.8505
2.0674
1.8584
12.1608
15.455
1.8822
14.2994
2.7899
15.097
3.9901
5.242
6.409
9.3275
1.9638
3.7199
12.9399
14.4671
7.722
2.077
12.5363
12.9987
12.2013
3.3374
5.8764
2.0451
3.731
14.8282
8.2715
5.4669
6.4463
14.4777
15.8007
15.0664
12.8036
10.5877
5.1001
4.6026
13.6455
7.9757
12.1359
1.4505
10.9033
9.2422
14.7962
2.9623
2.2963
12.2406
7.1823
13.8591
6.7739
15.3257
12.0462
5.6653
11.8884
5.2866
10.1837
10.3327
9.5063
6.7112
11.8366
3.3863
1.4244
13.7012
3.3116
13.7223
3.1779
4.7307
5.2738
8.0484
5.9589
1.7118
13.0278
4.1595
1.4981
10.0842
14.8116
4.6658
7.3533
15.4007
12.3051
10.8948
11.6487
9.1837
2.7747
7.6459
10.2239
5.5814
8.7981
9.8825
4.809
13.9528
3.7854
6.2915
8.0753
11.9148
2.706
15.2229
12.7261
13.5849
2.5896
8.8769
15.3078
10.2034
14.6134
13.9766
3.1435
15.6254
15.4474
7.8666
15.5655
13.488
4.0451
4.132
2.6957
2.5854
9.3565
2.6528
15.8328
1.4728
8.8674
5.129
12.4881
1.605
6.4231
14.3611
11.8407
2.7601
9.5454
14.6342
11.1069
9.5872
8.6845
5.7183
11.4217
8.6008
3.7709
13.3082
13.4434
1.7939
7.5386
5.6189
2.5063
14.1729
11.8004
13.5806
14.1137
13.0383
1.7474
5.696
8.1921
11.9259
2.4151
1.7478
9.9834
6.7016
2.8499
8.6142
2.0732
11.0186
4.5993
7.9089
13.2849
1.679
1.2401
10.3204
2.7548
12.5511
15.9278
1.5331
14.6986
8.4978
14.3374
6.1779
4.8898
8.6538
7.5247
13.1944
12.1831
10.3213
1.6751
9.3659
2.4642
11.1103
4.0776
4.1607
2.6063
1.2367
3.9249
7.3479
10.7316
2.9143
4.7458
3.4735
6.1407
2.0753
14.5316
3.7308
15.3277
7.2358
3.4557
10.6001
6.8433
2.3765
14.7855
2.7822
15.965
4.4503
12.3873
8.1334
8.9966
5.0415
5.2024
3.3035
11.1955
11.6367
5.9406
7.5489
10.2137
4.8553
15.9835
10.5731
14.6908
15.2476
11.4948
15.3589
2.8638
10.4279
10.5879
15.6479
9.1544
2.8655
14.314
6.8761
11.1576
5.1207
5.5919
8.5159
14.0635
3.9898
13.5718
1.3608
13.8987
6.4947
13.8625
3.8923
15.4643
6.5307
8.0823
9.0196
8.2895
4.9745
10.4406
8.7219
14.3422
11.8344
1.8805
8.4054
6.454
2.0053
3.7478
6.7808
5.2839
7.7164
2.641
10.5131
1.0882
1.8163
12.6528
3.705
6.3621
10.9855
4.4343
11.3509
12.936
14.8367
10.3822
11.4403
14.0895
8.9797
9.32
11.6294
14.3274
6.5464
1.8684
14.3168
9.6658
15.4971
6.1179
7.1516
9.7105
12.2006
3.9088
5.7023
11.154
15.2339
4.4793
15.1579
14.181
8.1547
12.1902
4.656
15.2341
13.1469
6.707
8.4505
15.0893
15.1086
7.6506
12.0744
14.2847
1.9424
7.1879
3.8674
12.4802
7.3966
13.6165
1.3292
12.8154
1.0888
15.1529
15.7782
12.5179
14.8892
14.8844
10.3042
1.5219
14.3271
11.4856
1.2255
9.8737
7.3451
4.64
4.708
9.3007
2.5376
3.4058
11.2183
11.1601
6.6023
2.3332
6.5336
15.3936
10.5872
11.6805
7.3003
3.3344
3.8389
11.7824
3.409
14.5735
6.9434
7.0328
11.3683
10.9741
5.947
3.4312
8.3737
5.7792
9.0896
3.7017
12.3454
2.7907
14.3154
4.3856
8.4172
6.3041
4.623
9.6132
3.0624
4.132
7.0629
13.8309
7.1591
6.0068
9.1728
4.7783
9.3555
2.0246
15.8361
4.2312
4.02
10.2754
2.1376
10.5304
4.0818
15.0192
12.3912
2.8346
12.2619
2.6781
3.3938
13.0561
15.589
13.0231
10.1932
4.1982
2.1441
15.7016
12.6056
5.1969
1.0589
1.9457
5.3826
15.9885
5.3361
4.7569
14.7808
13.7891
15.1373
6.1186
7.8184
12.7493
10.579
2.284
11.8455
12.6675
8.3821
6.2529
8.5658
6.457
15.5767
1.7593
1.5131
10.9856
9.0664
5.6785
4.2244
14.0497
4.3256
13.5166
11.7421
15.5178
5.2464
11.9
9.5761
14.5448
7.0627
10.2399
12.5068
11.0348
5.7158
8.4935
10.0648
6.2951
1.4821
5.6229
7.6686
10.161
5.8624
3.5839
8.416
10.4355
12.6531
8.5822
2.8867
11.1221
13.7296
3.2382
11.1148
7.8268
6.1403
12.6931
13.1588
14.0549
3.0275
7.3852
12.7074
7.9055
11.3357
15.9228
14.0282
11.614
9.9184
11.319
4.97
3.5053
15.946
15.4618
13.3175
10.1052
1.0703
3.5082
13.7917
2.5301
2.4052
4.097
10.4895
15.7203
12.1622
5.0166
14.7163
3.729
7.6943
1.4295
2.1526
1.6468
7.0843
11.4649
1.0882
13.8674
6.0616
1.6392
15.2777
4.4999
1.5923
14.0011
14.8833
14.9435
13.375
1.782
13.8384
1.0947
8.3449
11.0008
7.5834
14.2996
1.8927
8.8577
14.2628
7.079
5.5348
4.2318
9.2247
7.2056
11.907
9.8879
3.6398
15.6788
4.987
7.768
12.9914
5.397
11.0548
9.7515
13.7212
9.0185
13.9536
12.4487
12.0086
13.4445
9.0252
7.5501
1.1237
1.2449
8.1445
2.3631
2.1606
5.5257
4.0096
8.4085
13.9857
10.8625
1.7602
8.6513
11.2456
15.0231
10.5402
10.8679
13.576
4.5024
4.1413
14.6163
6.2263
15.3385
10.9957
6.0298
15.6281
13.6782
5.1162
15.5203
14.9717
11.0165
6.238
14.0531
3.9123
14.0853
14.0001
7.0013
5.1547
10.3634
14.3976
3.9396
10.5961
4.8383
11.2001
11.1499
12.9274
7.7574
11.9631
9.5701
3.1204
4.0764
5.6602
9.14
13.6497
9.0987
15.7827
15.2916
7.0613
2.4688
3.7899
10.5131
4.0878
15.0228
4.2901
14.3871
10.6441
12.4113
2.7528
8.9083
4.4662
11.031
15.7985
7.6372
8.2065
4.3466
1.8633
15.0489
13.9081
14.4007
15.3577
14.6297
5.4178
13.3603
2.2799
12.4761
11.9286
12.3276
4.9638
7.3342
15.2283
13.6766
13.1952
14.8279
13.3177
10.5739
6.8735
13.0395
6.4502
14.0273
5.3961
9.6803
13.5893
3.803
9.4346
8.3444
9.022
15.4043
6.8869
9.5137
5.7711
15.311
2.1138
8.8929
8.1008
7.4057
6.9541
10.3516
1.1572
14.2984
8.2664
1.8122
1.3706
12.5942
8.9457
10.373
10.1912
14.7809
10.9031
4.5626
7.0641
5.5619
3.7456
10.0994
1.2408
7.92
7.0923
8.3743
10.7945
10.959
2.2617
3.8654
7.5783
14.3848
14.1605
10.5725
8.2236
1.7286
11.5653
2.7781
1.875
3.4735
10.6694
3.7964
3.085
14.1305
11.7782
11.7462
10.8817
10.3033
8.3292
10.9769
2.7677
12.7213
13.8444
3.6546
6.8152
3.8213
2.9552
1.1147
11.474
11.539
5.1376
15.7958
10.5426
14.0013
3.5873
6.4379
3.4522
4.4328
7.7141
14.996
8.1518
11.6268
8.6646
15.372
1.7479
3.5973
7.4001
8.0405
13.4634
5.5118
5.6974
3.8434
15.1841
12.4706
5.4746
7.2241
14.829
14.2884
5.2894
5.6921
5.6079
14.6725
7.3015
11.0861
2.9453
10.9016
1.218
5.7644
4.1544
12.1395
5.5205
6.7778
5.9872
11.3205
4.8783
11.0787
3.1772
14.0951
5.5492
1.9211
11.0146
13.5489
13.6503
9.6748
10.2672
12.1011
1.1444
2.6051
11.9413
2.1616
1.1518
11.0509
2.7772
8.4708
15.758
12.2212
6.2631
2.1216
10.5701
7.9653
13.2591
7.137
8.7547
3.8234
6.5699
9.5538
8.1656
15.4291
3.687
8.1777
1.1401
12.2318
6.5532
14.7593
12.0406
6.8914
9.8304
12.4225
11.4539
7.5673
9.7036
10.1311
15.6466
6.4205
2.7057
14.8443
7.9024
7.2088
2.5541
12.9336
2.5115
14.4846
2.7212
3.3138
15.2017
12.5848
14.8673
3.8285
15.6978
10.4299
9.7125
5.7628
8.0693
13.631
1.918
8.5757
12.6969
8.2117
14.1871
3.4604
1.7562
5.6941
10.6568
4.6983
12.0809
2.7341
8.802
3.1697
6.8542
15.7425
9.4562
2.7686
10.8
14.8045
14.55
11.6255
9.4549
7.9392
14.3154
3.9092
2.6356
11.2054
7.5388
8.5332
3.0266
2.6207
11.6279
10.3661
10.8097
12.6855
15.5275
1.4394
8.1912
10.5265
13.7554
15.1976
4.8662
10.6141
4.0519
13.6057
11.7149
4.4204
9.7774
2.753
3.5149
15.5484
13.6186
2.3881
7.6109
7.0343
5.7944
6.4709
13.5175
15.8542
5.6073
6.0323
3.6564
12.2905
3.3456
9.4915
8.2639
4.0365
15.5761
4.109
1.9023
13.5319
6.6801
10.2361
10.4458
2.154
3.8851
1.9753
9.9037
7.3478
12.0648
7.2413
6.3589
10.5272
12.2032
15.896
15.8042
3.0383
1.0841
9.133
2.3598
7.043
13.7748
7.145
11.3066
3.1056
14.3545
11.977
7.8082
15.6135
5.8223
13.6194
10.1914
15.3412
15.9021
7.8033
12.5831
11.7665
11.3011
14.0214
1.4379
10.4519
1.313
12.795
2.3382
11.806
6.3157
10.7788
1.9494
13.3756
9.3162
1.3853
9.7177
8.6912
6.6412
2.0917
15.4906
3.4797
8.2295
14.3514
12.8309
1.9951
4.7419
12.2022
6.761
15.9224
2.7553
10.7721
7.9703
3.4291
14.4892
2.1706
8.5098
4.0713
4.2226
7.5537
5.9108
15.9833
11.9381
2.231
8.3042
10.0915
15.6576
2.5958
9.8004
4.1848
14.9921
1.5439
8.1633
9.4592
6.8655
10.3086
10.973
2.9709
3.7172
5.6827
12.0161
15.6484
8.3733
7.9962
9.2769
15.0548
2.4889
10.7303
2.7441
8.7017
15.9242
14.5784
12.1476
4.8313
9.3605
7.2178
2.1656
8.4929
6.7511
3.7643
13.6418
3.5981
12.2989
11.0704
6.7446
11.6007
8.4276
7.8217
4.6128
1.0925
5.8439
9.5152
5.922
1.0924
11.9188
2.7712
14.2833
7.0947
15.9775
1.0628
8.3201
14.6686
15.2055
8.2029
5.7979
7.5647
2.5092
3.7086
6.9264
14.3177
13.0873
15.0498
1.7277
13.3043
1.1289
8.6786
4.2372
2.0851
1.8769
2.0993
4.0888
13.1976
10.9463
4.8389
1.6158
9.4483
9.78
14.1254
10.4041
2.7178
13.4277
12.0933
11.125
10.6548
2.9794
6.041
7.0668
5.3992
4.1043
7.1954
10.8878
1.0186
7.8195
4.4387
2.4182
7.1248
4.4353
6.6065
15.6605
12.5249
2.2385
11.065
11.6974
4.0129
8.6487
3.718
11.2544
9.0986
7.9173
10.4912
7.3559
15.04
1.5885
14.055
9.5282
14.7438
5.4175
10.5819
4.7413
2.5291
8.6376
1.5069
2.9422
11.8712
3.588
12.7026
15.1681
12.6833
14.7344
8.792
9.3292
3.8792
9.3361
10.6945
10.9345
8.0073
10.1445
15.2508
6.8965
1.5727
4.3807
5.2085
1.3108
11.9344
6.27
9.7884
5.7133
5.8878
10.6441
12.0761
15.2121
6.7595
1.9108
14.1125
13.7414
15.7319
14.3368
10.7192
14.5646
15.832
6.627
9.7723
5.8844
4.3945
3.6138
5.0654
10.1883
11.7791
3.915
14.5775
9.5931
14.9002
2.1842
7.013
10.2843
13.49
9.5379
4.8332
1.3143
6.0855
6.772
15.6491
15.9892
11.4645
7.8741
7.1561
2.5895
15.3123
10.1019
10.7793
11.5179
14.4004
14.8993
2.1311
7.5111
7.9774
10.4625
10.4606
6.7187
1.6245
3.8669
15.6845
8.7643
7.7618
2.7939
4.5214
11.8842
9.6844
15.5805
7.6039
13.139
13.2336
7.3038
2.0501
7.1358
13.8018
13.3493
15.647
7.5672
11.5819
7.2611
10.1225
1.7289
11.8294
10.2132
4.0057
1.842
15.7604
14.8538
9.551
6.379
4.8602
9.0008
13.4805
12.4267
14.0729
7.7069
5.4205
7.0544
10.3701
10.6559
13.7218
11.855
1.5398
8.2728
10.3498
5.7695
10.1296
1.4711
11.3563
5.1896
6.6788
2.6727
15.8415
13.2991
13.1687
6.7738
8.309
2.8122
10.2889
7.4114
12.4007
5.3612
7.9347
10.2429
13.208
1.0407
13.8202
10.7303
14.8335
12.7837
7.2777
1.7439
6.4748
2.762
9.5491
15.1076
5.8727
1.6252
6.5601
8.6903
4.1795
10.344
15.6054
2.5531
12.0581
5.5299
6.7098
9.5336
8.8843
14.4249
3.8485
10.2524
15.5077
1.1928
5.0933
8.3616
1.404
11.4834
11.8196
2.7521
4.3024
6.0323
14.6318
14.7883
1.6254
3.1701
10.2079
2.2374
4.0398
3.4405
6.5535
1.3016
15.4565
3.7804
13.6566
12.6003
6.2638
2.4989
6.6808
12.8029
8.9404
6.7968
10.0649
1.2596
8.341
2.8078
7.8225
4.2829
12.9235
11.2663
8.1044
6.0831
2.5152
2.2201
8.0607
3.0215
8.1005
1.197
13.1868
14.7636
5.0027
11.3376
8.9015
6.8447
7.4646
2.968
10.1609
10.6421
5.2005
3.4497
15.2778
5.5455
13.5567
15.8769
8.0581
5.2038
9.6085
3.417
5.4373
2.7699
9.4916
10.6349
10.9981
6.7665
15.4878
6.4169
8.5614
3.1324
5.9407
8.6089
10.0158
4.241
10.0536
11.8411
5.0515
1.1536
1.8901
5.3146
12.093
10.0879
12.4132
8.2299
9.1237
14.0851
10.5942
13.7273
3.1364
7.9466
5.3586
13.2972
1.393
2.736
1.1324
8.6835
9.7209
8.3603
14.3532
3.2159
12.5948
6.3347
5.0094
6.5651
4.2374
4.6384
5.7731
12.1467
13.8368
8.4241
4.1727
8.0478
12.6341
14.9598
12.7633
10.2301
1.1119
13.6094
7.0925
4.5077
12.228
13.271
6.5519
2.9736
4.1023
7.6729
4.8939
4.1212
1.6132
3.5266
15.8992
14.5131
6.8705
7.1911
6.7926
8.8967
9.7977
7.3189
3.8578
2.1775
6.5045
13.1693
14.1604
1.1068
12.1306
8.5375
13.7652
10.7175
8.0723
5.543
1.749
10.6165
9.3475
11.1288
15.0179
12.0802
2.3351
10.6279
12.5978
11.4381
3.0758
4.2919
15.8642
6.4371
7.7647
9.3473
7.1517
4.6142
11.1145
3.6258
12.12
12.8978
6.2899
13.1617
13.1037
2.666
13.7732
13.4546
11.7559
4.3315
2.0025
2.9713
9.1771
1.0009
11.7542
6.0759
7.0649
13.785
11.7856
1.9911
6.6197
15.9097
10.7688
2.937
12.8316
12.5232
13.6052
15.4738
4.4076
15.8132
8.5707
7.9426
10.0091
13.1185
15.9494
1.0244
15.1943
12.2828
14.9925
2.642
3.4013
3.9674
8.321
10.9287
13.496
8.8301
15.3645
2.2975
11.5413
8.6331
4.2069
12.0697
1.7787
4.1218
8.1639
8.6933
5.8782
10.8934
11.2786
11.7097
11.7508
14.9474
5.2108
5.3152
14.9975
12.7333
3.1109
2.686
13.1603
12.8076
3.6672
14.8164
5.7155
13.8322
5.8709
15.4822
6.2556
3.9249
10.338
9.7522
3.1691
12.7708
1.0288
5.48
4.0899
1.7658
2.849
4.1952
14.7806
14.6838
11.1484
15.5708
5.8422
7.749
5.6919
2.5803
12.1824
1.3859
1.8583
8.1558
7.793
9.2971
3.9937
9.1773
1.3058
11.1591
2.7749
13.0851
12.4614
14.3713
13.3153
7.4347
1.3565
4.0746
12.8097
1.8653
9.9999
7.5094
15.4383
12.441
3.5819
1.2317
15.3165
12.2602
5.1155
11.6608
14.0253
13.6833
12.5544
4.6594
2.5733
6.4105
3.4573
11.3548
15.2787
12.5249
11.5187
1.1461
4.1043
2.0797
7.3811
15.4509
2.4674
2.9146
1.2208
9.8072
2.2449
13.8494
14.4258
5.2934
9.5871
2.0144
13.3273
10.0877
6.5172
5.7118
14.9006
7.8573
5.5676
13.735
8.09
4.6714
3.6251
6.654
12.4105
15.5066
15.096
10.1438
5.1864
6.4362
5.5254
13.0108
12.2308
10.1966
13.1197
2.0057
5.9132
3.6479
2.9065
9.6601
3.2125
11.3504
2.6075
6.0573
10.2763
13.1
14.8402
15.0025
7.954
6.7352
10.2626
9.5189
5.5004
10.485
7.3035
14.6341
7.9501
1.3104
8.4875
9.7268
3.5694
9.138
12.4442
14.9448
5.8133
7.4244
11.802
11.0091
12.7442
7.4527
14.1354
15.7024
7.6266
10.9636
15.5839
12.5259
11.3862
5.7496
2.7446
2.9482
14.2148
9.9518
1.789
3.4654
4.1879
14.3377
7.9339
8.9362
5.3947
9.1095
4.1198
13.2653
8.6615
12.3013
2.1951
2.2924
6.5243
6.832
6.4455
6.5156
12.9836
11.2297
11.1456
11.6899
7.8885
3.8647
2.1476
11.7187
2.7837
2.1828
4.7835
9.2926
9.7271
1.945
12.7319
6.4603
12.2532
9.9573
13.1297
1.9358
6.3775
12.7432
15.634
15.4647
6.0447
4.2475
9.2128
8.2873
9.3392
14.0304
1.8195
1.7052
4.3843
1.5827
3.199
1.6804
8.4005
2.2101
14.2286
5.2096
7.8992
1.2991
7.1829
13.5173
6.5663
8.3292
2.4621
2.1457
12.4284
3.4531
13.0852
8.9728
11.4707
12.14
12.2492
14.0302
7.772
8.5672
7.1094
7.7299
11.7287
7.4955
1.4247
11.7797
13.3681
8.791
2.1103
13.9628
7.4924
12.5735
8.5039
1.6485
10.6452
11.2659
2.6635
9.4477
8.2675
6.0151
10.3363
15.8677
10.7724
13.9396
4.7767
3.922
8.3683
14.7031
13.0051
11.3076
9.7392
1.7554
10.5918
3.9776
14.3153
15.2221
10.4372
13.2974
11.7335
8.3183
2.7158
3.0321
13.553
4.2622
9.0728
7.9111
2.7308
5.1428
8.5429
9.9333
1.069
10.9007
9.5383
6.3724
14.081
8.5624
15.5324
8.4604
6.759
13.9566
11.6866
1.2102
1.798
7.6563
3.8935
9.6789
7.513
3.5124
3.3517
12.6523
10.9127
4.9598
13.3947
10.1482
6.6736
5.5742
5.3337
6.4708
2.1116
8.4958
13.4106
6.0438
6.9281
4.6254
12.8169
9.092
5.6423
11.3492
8.4632
7.3239
14.1063
4.0891
15.4589
7.9278
10.9965
11.532
6.7137
9.7344
1.6128
10.9012
9.7443
12.4741
1.3387
8.2343
2.3508
8.7211
10.4355
1.9716
11.9053
10.288
14.3921
14.6463
4.1257
1.8667
10.7628
5.6271
1.0718
9.1927
1.3096
3.5596
1.7585
8.0296
6.12
1.8258
9.8244
3.7166
12.9808
7.075
5.6006
7.0645
8.8659
13.0851
6.5693
6.9576
12.696
3.902
11.5265
12.1452
10.6956
12.4252
10.52
14.8767
12.4472
3.4458
13.6815
13.9243
1.9319
3.6489
8.653
2.4307
10.1264
7.6094
5.2293
10.2282
10.5927
12.2515
3.0339
8.1464
1.4292
10.9811
10.1162
7.8942
15.7828
5.496
10.3435
11.1512
3.3209
1.1818
9.0958
3.2002
12.571
11.5893
11.5661
9.402
6.1927
11.8304
5.7405
4.3753
6.9153
3.0283
4.2557
7.8731
8.3596
12.9116
7.7962
10.6759
15.6729
10.8848
12.7894
8.173
12.1427
6.955
9.376
14.798
2.0066
12.1636
10.0483
9.3613
13.3431
6.708
12.4936
2.5569
15.7584
13.7628
6.1398
2.9312
10.0023
11.589
14.9184
13.8693
11.6591
7.4501
4.6686
6.824
3.1287
5.6728
7.6947
10.9799
5.3379
5.895
5.0712
11.3367
2.5811
10.7138
2.1527
7.9988
3.4876
1.5942
4.1304
5.6518
7.2186
3.1206
3.9122
7.6062
14.6979
9.7747
5.105
14.5686
6.8583
13.4201
5.3991
12.6852
2.676
4.8764
3.0201
5.6753
9.0307
6.8478
14.3172
12.9584
3.7093
8.7488
5.8434
2.4765
3.0204
13.2312
13.6244
4.1658
12.8445
7.5775
10.7056
1.3786
12.6777
15.9528
14.8023
13.6409
13.2045
7.6056
14.8874
15.5463
2.8435
2.2783
15.0828
13.3213
2.6402
2.8768
12.6758
8.1596
3.3971
3.2122
10.6721
15.9969
3.6139
13.4403
4.5615
10.6164
5.71
13.2021
7.2324
10.7631
15.0127
13.9555
2.1535
13.7334
12.3131
8.2088
6.6603
3.2594
12.6517
8.2002
3.6096
1.5804
2.3968
4.3919
15.7045
11.848
11.0022
4.3163
9.6367
10.8046
13.929
1.4995
6.391
10.183
12.5847
10.2072
5.0082
9.8698
4.7854
2.7675
14.7482
10.5491
10.88
12.4747
13.8529
14.6967
6.0761
11.2106
4.1759
10.6544
9.9999
15.6098
4.8314
1.7855
4.9266
15.0079
1.2135
5.8351
6.3406
9.4368
3.7188
14.1558
15.823
14.015
14.6213
10.2255
3.8228
3.2606
11.2289
7.6597
14.4769
9.2696
8.2447
11.2795
12.4602
4.4158
13.9135
7.0181
2.9229
5.1031
5.735
11.5626
12.5957
5.3541
2.9044
14.5874
4.8701
2.2776
5.1068
13.5024
7.4514
15.5056
3.9527
8.2478
3.2719
2.8717
8.0967
9.3518
4.4799
13.8222
11.7112
9.353
8.3938
14.5148
5.1809
1.4407
9.1251
12.1379
4.0357
15.8161
14.5208
7.7954
5.3648
12.5989
10.7625
11.9463
3.3182
1.5437
14.9045
8.2899
5.6043
6.0571
10.5046
13.6085
15.5128
14.5166
3.6676
11.6327
4.5062
12.9024
6.9297
3.3822
9.5078
15.4315
8.1854
10.482
6.0573
12.245
11.8254
2.4916
9.3914
7.3023
1.7276
6.618
1.4684
4.3859
8.3433
13.7306
3.6272
1.4866
11.0944
2.1775
14.4314
9.1674
9.4344
8.622
10.9458
12.7393
5.4976
4.7052
11.6308
15.0053
1.3996
12.2764
3.5848
4.4777
11.3135
6.891
3.0092
4.0797
12.5251
4.9487
7.4308
7.4933
9.6451
2.6312
2.7393
2.6622
13.323
3.7232
6.4432
13.5421
15.8828
12.403
8.812
1.2717
9.6508
5.9967
13.8472
4.2034
11.5564
13.1943
1.5892
3.7663
3.7444
8.6546
6.9275
8.9751
11.1089
2.6239
12.8785
3.0098
7.9883
10.3822
13.2324
2.2473
3.8069
1.4028
14.2671
2.5145
15.317
12.7738
3.2626
14.9963
4.7907
15.898
2.4967
6.1943
5.5349
4.59
6.2
3.2194
5.6541
11.0068
3.1775
14.6514
3.4191
1.5086
9.6516
9.149
2.352
3.6271
14.0879
8.9717
15.2398
5.0759
15.9719
14.4392
14.3653
3.5371
13.0284
8.8738
2.6635
6.8744
1.0964
4.0623
5.2079
7.3286
4.6372
2.8122
1.8771
8.7536
13.2039
5.4741
9.8897
12.4695
15.7712
13.2177
12.131
4.3073
9.1563
14.4336
9.8399
14.0582
3.2778
9.2305
10.4108
6.8855
6.1683
12.9684
11.4312
9.5962
13.3608
15.4442
15.1112
13.2562
6.8032
6.7746
3.1773
1.9284
2.4284
12.811
15.1713
3.5853
6.4399
14.67
5.6618
11.9614
11.757
10.3951
6.9032
1.4574
10.8984
13.2687
8.4782
7.0357
13.4735
8.4983
11.1893
8.0901
3.9513
6.2081
1.3369
7.5511
3.2619
3.2038
15.3371
15.8259
1.9653
10.0809
11.4177
5.1097
11.1109
13.01
2.9588
8.9066
10.5062
8.423
7.6378
12.637
3.0807
8.615
5.6137
7.0909
15.1916
4.4038
3.1189
12.9994
14.1675
1.4857
1.8287
11.8263
6.8098
5.1798
6.2536
9.0267
13.8961
13.3189
3.739
5.0331
10.3257
7.3631
3.2792
9.666
6.7953
14.9809
11.1565
8.4194
10.8672
11.6846
6.9921
13.3281
11.7021
3.9107
9.7062
10.4571
12.5354
1.6575
9.4973
8.3343
10.5453
9.1556
8.8554
15.4763
11.0245
9.4067
3.7283
14.4858
3.1707
13.5393
8.6131
12.7861
2.144
4.9792
1.8229
15.3994
13.3575
2.8841
12.3822
8.4778
6.1322
2.6216
11.6892
6.8539
10.3962
13.117
11.1243
6.7354
14.7457
2.3954
13.2606
9.763
15.4686
6.8084
14.0605
2.6448
9.8424
13.7964
9.1439
13.6845
9.1678
10.4166
15.6962
5.0454
12.2057
11.1271
10.7376
5.1846
10.3643
1.4941
1.6371
11.2237
5.0433
15.6286
14.2719
6.4595
7.3353
14.3122
3.8069
3.2831
12.3614
3.797
10.6506
12.9948
8.7202
3.9813
10.1656
10.4638
12.5892
6.1772
6.9784
5.1441
14.5121
13.0485
4.5423
12.4253
6.1014
2.7111
13.9076
12.7397
9.4216
11.7711
15.4008
5.0485
1.8954
10.0911
13.5844
11.1269
3.9691
4.0136
10.6678
12.765
7.3425
2.3128
3.5022
14.483
14.4045
9.347
11.8322
14.4784
12.1217
3.4446
2.0665
14.785
4.8978
13.1298
8.8555
8.6359
6.2383
1.5807
2.7081
7.6756
3.8238
9.9098
13.2229
14.3895
2.2335
6.8986
6.8257
5.4634
13.3336
4.773
6.5242
15.3616
3.5207
6.7524
13.521
6.8104
4.2927
5.0858
13.4863
13.0047
2.5747
5.8042
14.2282
12.2803
5.8759
2.5386
15.199
12.5598
5.218
12.5615
10.74
7.1953
5.9257
6.5322
7.1782
4.7847
3.1155
1.7455
7.9364
5.7773
9.8415
8.7549
8.4439
6.4105
5.5572
1.7794
5.4834
6.2771
9.1033
4.7525
10.3941
12.9191
7.5197
3.8795
3.4684
14.0482
3.1177
8.043
11.978
13.8624
14.5876
12.2072
10.6914
2.5401
7.9489
14.3017
10.4813
4.6573
3.2359
12.1748
6.855
10.4531
14.802
12.7208
6.3037
7.6603
15.2771
5.4594
2.594
5.2739
7.6246
1.3632
13.0848
10.6391
5.9377
15.5202
1.2175
13.6948
8.3002
2.1125
10.045
9.7775
2.1798
11.0109
3.0754
10.4842
8.6753
9.1333
12.7145
14.7039
15.6891
7.9056
7.9341
7.532
14.8181
7.5358
1.294
9.9781
15.2278
11.3449
6.2418
9.0953
6.3305
3.2999
15.4703
5.9193
2.0184
3.4616
13.4204
7.3597
7.3403
15.2498
6.2487
10.2324
9.2159
3.5428
2.0584
15.7851
4.134
12.3954
12.877
6.53
11.4625
8.301
12.2387
12.1527
8.5191
8.8376
3.145
7.2736
2.6394
5.0788
3.917
15.6561
4.3766
6.2089
5.6606
14.6145
12.2222
12.8421
14.9238
14.1874
6.6267
2.0887
3.5386
3.7949
3.6039
10.2841
7.8591
12.1044
14.0015
10.2335
8.0881
11.4917
15.5284
3.9471
1.4723
13.8208
2.4992
3.6497
6.6161
12.7564
12.113
7.2649
3.4096
3.1222
9.7446
12.2491
15.3376
8.5086
13.6953
5.789
6.7649
7.533
1.5685
3.451
10.3691
12.54
9.2268
9.4749
13.16
6.9948
2.1937
11.2585
5.1709
15.9095
6.1152
2.6898
1.3823
4.9277
10.4779
9.4152
12.4545
14.8842
7.0813
2.7751
8.6865
10.988
6.1748
7.4348
15.5782
2.6345
9.8971
15.3544
4.1379
6.2487
8.1311
14.1406
14.7228
7.9478
3.5985
11.7881
6.4576
4.1203
5.2394
10.5355
10.5283
9.6617
14.2017
4.2238
6.8676
9.2102
6.5745
1.0182
9.9452
5.5304
11.7299
3.1288
2.6854
15.3461
13.1652
10.7505
6.9451
8.048
7.8652
4.9556
10.7537
6.9371
10.1134
9.9749
4.3461
10.1456
5.3761
9.2968
14.2093
14.7996
2.2209
6.5615
11.4125
8.8745
6.6986
13.7476
12.9883
5.3301
5.8889
11.4661
3.0869
10.1716
6.4891
14.2531
4.5028
7.4925
13.1005
2.6592
9.059
3.017
13.4857
7.7972
5.5763
8.3792
13.4886
4.6878
3.616
10.3769
11.7267
4.9454
4.4253
6.4016
1.1848
15.6796
6.5885
3.4467
1.6773
8.6882
7.8407
4.7675
12.0313
8.0985
13.8346
7.8806
1.9862
12.6533
7.7247
10.8977
13.8874
6.2483
7.4599
10.3861
6.5693
12.5578
13.8779
14.5045
8.9661
13.088
11.0587
3.6224
5.4285
9.5958
15.3107
4.1264
4.5543
11.329
11.0225
10.7646
13.2043
10.2633
13.4721
1.0397
9.7732
4.5315
15.5482
13.5709
14.4524
7.6483
14.0419
10.1564
7.6598
9.4466
13.7036
9.7546
10.078
4.0409
3.4097
12.2466
5.8144
4.3397
8.2519
9.7573
12.5857
14.305
14.0297
13.7997
5.8798
13.1564
4.074
6.9022
9.3497
8.2826
14.5348
11.0887
12.1739
2.1575
9.6383
6.1707
4.2803
14.8152
5.8527
7.0214
9.8829
9.955
15.0946
10.739
9.7094
5.3734
5.1231
10.5013
10.1212
13.7069
5.072
6.5935
12.0458
5.7694
10.9538
7.9684
12.0145
14.4174
13.0727
7.2805
11.9379
13.5725
9.4188
15.5567
1.3395
3.4779
11.0265
12.0372
15.5907
14.2604
3.9009
2.0284
6.1882
1.834
4.9537
2.9468
3.2566
9.5731
1.406
7.171
3.8623
5.7372
13.9155
4.6889
5.6583
7.0039
10.4554
2.0769
8.2626
14.7596
14.8891
5.4046
14.5827
14.2982
5.0384
9.3848
1.7186
7.1164
13.5426
8.3555
13.8792
6.5883
5.2528
10.2764
8.7032
2.1403
4.3111
7.3633
14.5862
1.7269
10.1958
12.1692
13.3871
5.8479
1.3307
5.0636
6.2772
6.9456
3.8147
2.1442
7.3459
7.3713
8.7833
1.1084
1.4583
8.7033
3.1568
5.5338
12.9704
14.3586
5.2561
4.4961
3.983
1.7075
7.1523
15.3264
9.0584
7.4721
6.9876
4.9454
5.7574
11.0027
5.6373
9.6979
5.5968
12.1258
6.811
10.2839
6.7821
6.9669
6.7089
14.7036
13.9383
2.0974
13.6196
14.1023
7.898
6.1566
13.1852
4.1311
6.9672
10.1507
14.4106
15.6835
13.2854
14.5742
1.836
14.171
10.7906
3.5924
1.474
11.4459
12.8895
8.1183
8.3939
9.8043
7.6323
1.2214
7.817
13.9982
2.8842
14.9782
15.8643
8.3514
1.4509
1.5896
4.7242
8.7843
9.8737
10.8101
13.8531
11.7186
13.8421
4.5327
8.7805
5.3905
15.3548
1.6595
14.5343
3.2265
1.7868
5.8578
8.6353
4.0561
2.5227
6.2386
3.8787
9.8873
14.1789
15.9176
11.0763
5.2251
8.2083
14.4678
2.939
12.1259
8.0121
2.3082
10.0033
11.6773
15.6015
5.6514
10.1984
15.9744
15.1625
8.7001
9.0687
12.9873
7.1861
14.0727
5.8733
13.9806
1.3218
5.4449
14.6198
10.973
10.0324
1.052
13.2055
10.8995
14.3444
6.8229
7.6341
4.7494
15.6652
1.4064
6.7402
12.026
12.4125
8.2846
11.3635
9.5405
7.5319
7.778
14.2471
13.8665
1.8598
12.0933
13.8122
1.6141
10.6388
9.2819
8.0586
8.0279
9.1957
10.3305
7.3617
1.9487
10.1518
13.6519
14.7967
8.3024
12.6474
7.5624
12.2057
6.4835
6.9578
13.933
11.5373
1.1852
11.5797
5.8489
6.6313
15.7009
8.5608
3.8001
13.137
8.2077
3.776
4.6493
4.1335
5.6358
11.1677
6.6842
12.6596
10.0807
2.5874
9.2174
5.2165
13.0648
6.305
3.5818
13.1819
3.2347
4.9038
7.7916
3.8765
2.7713
2.0136
15.0221
3.1664
11.5689
12.5862
2.9098
8.7876
7.2598
8.3723
6.9859
9.5234
12.8841
10.9328
14.8434
3.5854
9.1681
7.0851
6.7478
5.6791
1.4305
10.9798
2.5179
9.3999
12.7827
9.8182
8.5399
6.5434
9.4811
9.8385
15.5616
7.5329
3.111
10.6647
15.6315
2.6878
13.9998
12.0774
1.429
2.7776
7.2466
5.8551
12.0075
14.4387
8.7953
8.7654
10.9986
8.0414
2.6404
5.4072
6.6259
6.6536
12.8373
10.723
15.644
14.495
8.3817
3.1068
14.187
1.3245
8.9571
4.1733
12.8079
12.4418
3.5814
13.1522
5.5106
14.1324
1.0916
11.3456
1.3967
10.483
8.963
10.3897
1.2881
7.1226
3.8029
15.7514
8.5392
8.803
15.3961
4.8459
3.2561
14.912
1.7896
3.8033
1.1829
13.1527
10.5612
3.4179
11.8845
9.7813
8.6645
14.4223
4.0798
1.9141
6.5362
14.4884
2.2522
11.1128
5.1051
10.6861
14.9057
5.4504
5.9346
8.7014
5.7374
4.5341
8.233
3.0117
5.6727
14.059
14.4608
13.4075
2.2978
14.6209
6.5866
3.6456
8.5723
1.6081
5.6414
13.5536
1.0437
14.5551
8.0169
4.7463
2.4509
1.4606
7.0381
11.5423
11.5218
3.966
5.7639
4.6062
14.8603
4.0187
13.5143
5.0108
13.7065
2.7327
4.7297
7.5979
8.4927
11.0597
12.1526
15.3996
14.0469
9.307
15.6611
14.2603
15.2085
7.7198
14.1329
7.6119
6.1418
15.1607
14.0756
13.6456
12.8047
8.0652
6.8083
1.9031
4.928
13.6866
9.452
9.3669
2.5584
7.9711
9.5056
4.667
15.504
6.8066
8.6325
12.9973
13.0079
7.4859
9.0222
2.8061
5.5485
9.3378
3.2354
13.9455
2.2379
6.0692
8.7356
7.9508
15.5729
2.9182
14.1108
6.753
14.289
7.0827
6.2761
3.4374
15.8383
4.0747
3.5169
3.2678
14.4487
15.7328
15.6111
4.9157
3.2645
6.575
11.9455
1.3039
2.6101
3.4733
6.3608
11.1498
2.6556
8.2374
2.5676
11.3856
5.2889
14.1836
11.3415
3.8328
1.1612
2.7441
15.4552
3.7389
1.8376
14.6072
11.0486
5.8305
11.9278
2.9482
5.2469
2.3722
10.5757
15.9657
1.6582
7.2858
15.531
8.6148
7.9217
4.7603
7.5373
3.8641
15.3103
3.2549
3.8339
13.4243
8.9217
15.3836
1.6613
10.26
5.7573
11.6615
14.0797
7.9083
14.7796
15.4841
12.9341
14.6917
9.0945
3.9535
7.9719
5.4393
13.7748
1.3976
1.787
6.6675
6.3842
11.7932
7.9152
15.0665
5.6174
7.2185
13.1483
3.2468
