37.0
381.0
50.0
369.0
89.0
183.0
14.0
196.0
306.0
309.0
309.0
324.0
339.0
155.0
347.0
160.0
206.0
344.0
309.0
322.0
110.0
178.0
379.0
278.0
308.0
214.0
386.0
294.0
83.0
322.0
253.0
399.0
5.0
326.0
190.0
266.0
266.0
184.0
364.0
203.0
167.0
287.0
87.0
97.0
146.0
48.0
16.0
69.0
185.0
236.0
161.0
382.0
59.0
86.0
339.0
79.0
251.0
348.0
159.0
111.0
43.0
197.0
184.0
115.0
143.0
3.0
289.0
322.0
43.0
78.0
360.0
257.0
173.0
363.0
14.0
372.0
83.0
141.0
306.0
77.0
66.0
244.0
67.0
195.0
343.0
113.0
98.0
222.0
8.0
104.0
145.0
226.0
315.0
224.0
41.0
338.0
309.0
10.0
338.0
166.0
296.0
378.0
166.0
379.0
254.0
241.0
335.0
87.0
15.0
363.0
361.0
97.0
241.0
337.0
289.0
396.0
354.0
60.0
198.0
135.0
6.0
279.0
115.0
191.0
180.0
122.0
356.0
46.0
105.0
375.0
375.0
320.0
208.0
30.0
133.0
10.0
210.0
234.0
4.0
291.0
153.0
32.0
13.0
149.0
246.0
287.0
394.0
183.0
317.0
273.0
48.0
204.0
26.0
148.0
93.0
326.0
126.0
253.0
48.0
226.0
2.0
278.0
238.0
360.0
266.0
19.0
309.0
143.0
8.0
77.0
43.0
1.0
66.0
343.0
245.0
337.0
264.0
200.0
323.0
332.0
30.0
274.0
160.0
103.0
10.0
255.0
186.0
197.0
7.0
340.0
63.0
253.0
279.0
343.0
238.0
245.0
120.0
382.0
147.0
303.0
203.0
360.0
350.0
263.0
46.0
324.0
317.0
50.0
8.0
220.0
78.0
20.0
95.0
321.0
190.0
54.0
179.0
125.0
207.0
337.0
41.0
15.0
57.0
280.0
11.0
234.0
284.0
23.0
112.0
55.0
96.0
202.0
190.0
90.0
18.0
75.0
157.0
69.0
345.0
361.0
34.0
343.0
311.0
213.0
133.0
8.0
131.0
379.0
13.0
393.0
5.0
349.0
316.0
31.0
43.0
43.0
219.0
237.0
25.0
245.0
26.0
168.0
180.0
217.0
54.0
266.0
344.0
348.0
25.0
383.0
297.0
372.0
137.0
312.0
395.0
246.0
310.0
259.0
271.0
44.0
175.0
228.0
106.0
23.0
385.0
210.0
81.0
230.0
219.0
308.0
184.0
46.0
87.0
117.0
369.0
306.0
133.0
118.0
328.0
224.0
286.0
101.0
9.0
278.0
76.0
239.0
198.0
273.0
400.0
40.0
77.0
360.0
125.0
281.0
186.0
236.0
238.0
27.0
218.0
363.0
357.0
158.0
316.0
29.0
1.0
140.0
164.0
251.0
57.0
26.0
44.0
132.0
292.0
42.0
284.0
314.0
264.0
342.0
399.0
11.0
258.0
26.0
338.0
125.0
121.0
259.0
294.0
70.0
394.0
132.0
163.0
288.0
156.0
79.0
146.0
111.0
322.0
38.0
257.0
302.0
53.0
318.0
84.0
387.0
69.0
318.0
326.0
279.0
253.0
219.0
228.0
175.0
207.0
24.0
128.0
20.0
291.0
27.0
375.0
339.0
293.0
187.0
24.0
124.0
269.0
337.0
79.0
124.0
371.0
283.0
303.0
263.0
245.0
52.0
347.0
298.0
219.0
205.0
54.0
181.0
115.0
195.0
92.0
272.0
226.0
188.0
15.0
40.0
119.0
236.0
90.0
167.0
204.0
285.0
236.0
322.0
278.0
192.0
105.0
277.0
177.0
389.0
19.0
202.0
251.0
146.0
286.0
259.0
353.0
50.0
72.0
212.0
165.0
346.0
226.0
399.0
393.0
173.0
375.0
13.0
364.0
365.0
248.0
361.0
361.0
309.0
212.0
40.0
220.0
58.0
161.0
78.0
261.0
331.0
18.0
360.0
234.0
96.0
95.0
38.0
197.0
109.0
61.0
328.0
57.0
13.0
252.0
236.0
204.0
361.0
336.0
376.0
371.0
361.0
290.0
137.0
197.0
228.0
38.0
270.0
335.0
15.0
217.0
285.0
253.0
370.0
206.0
240.0
319.0
136.0
203.0
243.0
18.0
287.0
93.0
85.0
251.0
105.0
23.0
209.0
342.0
385.0
299.0
87.0
8.0
179.0
137.0
363.0
255.0
92.0
131.0
28.0
45.0
280.0
321.0
357.0
185.0
50.0
200.0
398.0
370.0
274.0
204.0
258.0
91.0
311.0
345.0
324.0
359.0
83.0
256.0
323.0
262.0
146.0
253.0
245.0
33.0
331.0
75.0
225.0
60.0
131.0
192.0
277.0
358.0
51.0
232.0
350.0
55.0
276.0
8.0
341.0
286.0
375.0
48.0
295.0
181.0
238.0
298.0
61.0
44.0
359.0
354.0
180.0
367.0
115.0
356.0
28.0
159.0
293.0
240.0
390.0
374.0
188.0
123.0
328.0
165.0
322.0
301.0
255.0
104.0
209.0
309.0
65.0
154.0
165.0
111.0
219.0
181.0
121.0
69.0
86.0
93.0
199.0
367.0
354.0
152.0
57.0
189.0
46.0
74.0
331.0
379.0
310.0
247.0
76.0
33.0
253.0
18.0
206.0
383.0
366.0
95.0
165.0
217.0
196.0
90.0
192.0
89.0
237.0
377.0
268.0
374.0
36.0
198.0
240.0
384.0
259.0
59.0
87.0
177.0
224.0
297.0
126.0
159.0
391.0
305.0
127.0
324.0
170.0
365.0
216.0
271.0
255.0
361.0
114.0
77.0
388.0
17.0
351.0
334.0
219.0
137.0
378.0
219.0
32.0
196.0
294.0
32.0
236.0
366.0
296.0
362.0
36.0
350.0
240.0
159.0
206.0
146.0
43.0
248.0
84.0
344.0
225.0
130.0
249.0
236.0
312.0
44.0
262.0
14.0
192.0
346.0
368.0
369.0
113.0
149.0
296.0
207.0
367.0
17.0
60.0
179.0
63.0
384.0
385.0
110.0
252.0
61.0
384.0
311.0
305.0
189.0
149.0
63.0
292.0
20.0
358.0
213.0
13.0
104.0
252.0
135.0
245.0
27.0
305.0
210.0
62.0
327.0
129.0
32.0
209.0
37.0
59.0
354.0
186.0
366.0
121.0
294.0
220.0
160.0
314.0
185.0
54.0
184.0
380.0
270.0
121.0
237.0
252.0
333.0
313.0
16.0
203.0
199.0
388.0
111.0
124.0
154.0
282.0
218.0
79.0
49.0
86.0
1.0
357.0
207.0
317.0
105.0
199.0
130.0
88.0
392.0
230.0
42.0
167.0
254.0
9.0
235.0
387.0
64.0
8.0
129.0
341.0
267.0
106.0
216.0
276.0
365.0
153.0
292.0
313.0
139.0
200.0
151.0
193.0
325.0
253.0
36.0
288.0
71.0
9.0
9.0
387.0
257.0
131.0
262.0
64.0
394.0
15.0
335.0
353.0
272.0
265.0
231.0
103.0
204.0
251.0
241.0
195.0
46.0
319.0
330.0
203.0
86.0
277.0
209.0
225.0
40.0
366.0
388.0
277.0
288.0
172.0
11.0
203.0
159.0
27.0
269.0
227.0
339.0
44.0
371.0
36.0
323.0
175.0
108.0
332.0
212.0
73.0
227.0
214.0
366.0
78.0
40.0
28.0
270.0
371.0
51.0
265.0
354.0
51.0
352.0
352.0
141.0
66.0
199.0
345.0
81.0
209.0
187.0
322.0
233.0
78.0
240.0
213.0
150.0
144.0
1.0
141.0
329.0
377.0
72.0
367.0
35.0
111.0
263.0
391.0
239.0
31.0
75.0
154.0
209.0
281.0
222.0
95.0
141.0
3.0
309.0
188.0
337.0
15.0
45.0
277.0
217.0
166.0
289.0
122.0
324.0
323.0
234.0
168.0
363.0
188.0
224.0
147.0
381.0
60.0
2.0
379.0
231.0
104.0
96.0
38.0
368.0
248.0
201.0
252.0
100.0
120.0
288.0
107.0
169.0
390.0
228.0
51.0
117.0
110.0
73.0
143.0
335.0
87.0
389.0
246.0
357.0
273.0
72.0
354.0
43.0
228.0
48.0
12.0
384.0
57.0
189.0
136.0
165.0
367.0
346.0
293.0
391.0
66.0
189.0
201.0
255.0
29.0
281.0
306.0
324.0
361.0
323.0
162.0
199.0
105.0
342.0
121.0
161.0
75.0
318.0
356.0
7.0
297.0
390.0
122.0
286.0
107.0
338.0
346.0
211.0
132.0
230.0
236.0
396.0
151.0
10.0
161.0
163.0
97.0
240.0
296.0
318.0
111.0
289.0
15.0
64.0
46.0
27.0
82.0
37.0
141.0
235.0
223.0
54.0
127.0
1.0
24.0
372.0
360.0
245.0
209.0
72.0
96.0
50.0
210.0
396.0
186.0
339.0
61.0
16.0
133.0
173.0
213.0
68.0
318.0
4.0
27.0
30.0
229.0
12.0
231.0
58.0
337.0
119.0
223.0
153.0
68.0
314.0
102.0
4.0
235.0
375.0
14.0
7.0
77.0
120.0
225.0
258.0
114.0
120.0
138.0
34.0
38.0
398.0
67.0
35.0
186.0
15.0
30.0
187.0
355.0
39.0
285.0
138.0
349.0
12.0
196.0
166.0
346.0
283.0
218.0
302.0
273.0
268.0
319.0
106.0
29.0
255.0
143.0
105.0
4.0
298.0
226.0
141.0
5.0
238.0
130.0
336.0
161.0
107.0
7.0
201.0
277.0
265.0
105.0
247.0
311.0
370.0
376.0
9.0
225.0
350.0
337.0
16.0
202.0
68.0
82.0
16.0
209.0
372.0
366.0
303.0
252.0
73.0
299.0
191.0
339.0
367.0
125.0
374.0
157.0
58.0
86.0
292.0
126.0
124.0
115.0
27.0
300.0
118.0
247.0
202.0
374.0
134.0
51.0
93.0
391.0
340.0
39.0
125.0
193.0
237.0
8.0
154.0
5.0
269.0
49.0
324.0
177.0
33.0
221.0
190.0
95.0
208.0
394.0
224.0
362.0
279.0
43.0
188.0
173.0
136.0
145.0
49.0
331.0
145.0
7.0
32.0
67.0
172.0
91.0
351.0
206.0
194.0
352.0
368.0
230.0
130.0
208.0
335.0
100.0
18.0
204.0
202.0
1.0
45.0
329.0
220.0
32.0
128.0
219.0
310.0
27.0
273.0
92.0
186.0
145.0
310.0
188.0
265.0
339.0
161.0
142.0
34.0
268.0
237.0
253.0
88.0
376.0
68.0
15.0
393.0
370.0
394.0
162.0
157.0
372.0
150.0
243.0
162.0
248.0
141.0
245.0
135.0
222.0
396.0
192.0
24.0
159.0
36.0
171.0
118.0
45.0
182.0
292.0
3.0
72.0
226.0
291.0
225.0
149.0
111.0
94.0
45.0
231.0
213.0
196.0
30.0
388.0
156.0
193.0
66.0
40.0
49.0
362.0
372.0
302.0
171.0
217.0
97.0
272.0
353.0
297.0
122.0
72.0
330.0
241.0
43.0
295.0
83.0
22.0
32.0
243.0
16.0
352.0
358.0
280.0
46.0
29.0
36.0
177.0
198.0
388.0
2.0
106.0
265.0
335.0
72.0
281.0
36.0
151.0
94.0
104.0
301.0
337.0
339.0
234.0
374.0
120.0
343.0
318.0
59.0
263.0
370.0
318.0
181.0
295.0
88.0
151.0
272.0
251.0
116.0
290.0
16.0
149.0
84.0
29.0
89.0
359.0
384.0
143.0
171.0
249.0
32.0
248.0
136.0
188.0
275.0
366.0
195.0
322.0
369.0
44.0
44.0
110.0
70.0
74.0
82.0
21.0
365.0
262.0
31.0
20.0
224.0
40.0
62.0
46.0
349.0
189.0
96.0
114.0
112.0
186.0
135.0
135.0
178.0
372.0
30.0
156.0
196.0
38.0
31.0
283.0
222.0
43.0
164.0
295.0
60.0
298.0
266.0
387.0
365.0
139.0
394.0
146.0
193.0
66.0
106.0
222.0
391.0
346.0
143.0
253.0
199.0
99.0
393.0
370.0
268.0
291.0
378.0
26.0
126.0
287.0
389.0
219.0
335.0
281.0
375.0
20.0
378.0
210.0
104.0
187.0
119.0
192.0
116.0
142.0
279.0
57.0
217.0
287.0
180.0
292.0
246.0
393.0
202.0
320.0
336.0
135.0
290.0
374.0
20.0
140.0
291.0
130.0
5.0
122.0
267.0
311.0
203.0
135.0
278.0
212.0
129.0
313.0
201.0
22.0
189.0
223.0
346.0
260.0
88.0
9.0
226.0
372.0
333.0
56.0
326.0
88.0
315.0
123.0
171.0
254.0
85.0
191.0
344.0
177.0
355.0
93.0
246.0
333.0
178.0
124.0
348.0
40.0
73.0
43.0
326.0
56.0
49.0
15.0
85.0
271.0
85.0
372.0
52.0
170.0
335.0
309.0
51.0
2.0
268.0
83.0
78.0
80.0
33.0
205.0
200.0
295.0
337.0
165.0
358.0
64.0
243.0
52.0
63.0
158.0
26.0
162.0
238.0
338.0
169.0
4.0
179.0
5.0
44.0
295.0
69.0
324.0
287.0
345.0
230.0
326.0
388.0
114.0
319.0
80.0
74.0
331.0
194.0
378.0
31.0
397.0
116.0
62.0
384.0
388.0
379.0
314.0
234.0
60.0
3.0
383.0
367.0
135.0
45.0
179.0
182.0
316.0
260.0
84.0
312.0
53.0
157.0
218.0
23.0
74.0
259.0
192.0
204.0
17.0
382.0
91.0
30.0
64.0
226.0
195.0
389.0
348.0
170.0
351.0
259.0
176.0
312.0
68.0
364.0
121.0
163.0
205.0
263.0
3.0
271.0
320.0
360.0
43.0
89.0
71.0
262.0
23.0
250.0
172.0
47.0
161.0
212.0
328.0
286.0
198.0
88.0
35.0
109.0
321.0
134.0
36.0
162.0
303.0
2.0
363.0
187.0
305.0
376.0
225.0
198.0
194.0
101.0
15.0
34.0
139.0
305.0
333.0
227.0
165.0
43.0
222.0
268.0
322.0
312.0
136.0
231.0
285.0
231.0
220.0
359.0
361.0
118.0
220.0
129.0
192.0
314.0
110.0
252.0
113.0
333.0
127.0
145.0
322.0
202.0
226.0
14.0
365.0
374.0
139.0
378.0
200.0
172.0
365.0
228.0
58.0
365.0
99.0
361.0
341.0
332.0
335.0
43.0
222.0
118.0
353.0
66.0
183.0
397.0
96.0
191.0
123.0
268.0
227.0
333.0
88.0
230.0
35.0
290.0
76.0
375.0
389.0
5.0
263.0
173.0
171.0
104.0
282.0
237.0
399.0
192.0
263.0
4.0
139.0
240.0
392.0
41.0
299.0
351.0
326.0
297.0
68.0
377.0
88.0
49.0
85.0
3.0
179.0
246.0
199.0
177.0
332.0
107.0
21.0
349.0
190.0
313.0
338.0
8.0
240.0
219.0
6.0
299.0
23.0
166.0
71.0
129.0
343.0
252.0
88.0
365.0
382.0
367.0
240.0
83.0
105.0
107.0
257.0
202.0
232.0
56.0
305.0
306.0
222.0
352.0
50.0
366.0
21.0
103.0
288.0
214.0
137.0
144.0
370.0
47.0
49.0
21.0
158.0
350.0
271.0
163.0
179.0
7.0
313.0
281.0
88.0
143.0
376.0
236.0
323.0
361.0
361.0
88.0
266.0
258.0
228.0
327.0
115.0
235.0
195.0
250.0
178.0
267.0
83.0
76.0
396.0
262.0
5.0
62.0
307.0
369.0
60.0
366.0
108.0
259.0
123.0
249.0
327.0
125.0
259.0
78.0
330.0
216.0
45.0
175.0
208.0
367.0
69.0
60.0
40.0
21.0
209.0
373.0
40.0
134.0
118.0
209.0
168.0
239.0
145.0
343.0
243.0
156.0
169.0
221.0
3.0
41.0
240.0
242.0
142.0
249.0
18.0
28.0
23.0
109.0
132.0
252.0
14.0
177.0
16.0
19.0
370.0
153.0
12.0
347.0
30.0
287.0
29.0
223.0
353.0
193.0
151.0
304.0
142.0
272.0
389.0
307.0
187.0
108.0
366.0
57.0
91.0
21.0
150.0
341.0
31.0
47.0
205.0
71.0
146.0
368.0
342.0
48.0
148.0
223.0
86.0
40.0
148.0
58.0
148.0
59.0
239.0
102.0
296.0
212.0
323.0
69.0
352.0
38.0
250.0
90.0
90.0
190.0
246.0
75.0
41.0
91.0
363.0
280.0
136.0
102.0
83.0
155.0
226.0
47.0
249.0
332.0
117.0
275.0
42.0
55.0
248.0
358.0
58.0
67.0
291.0
7.0
122.0
80.0
209.0
118.0
291.0
336.0
42.0
149.0
235.0
116.0
358.0
277.0
355.0
159.0
342.0
348.0
50.0
162.0
42.0
116.0
5.0
79.0
209.0
174.0
290.0
92.0
269.0
386.0
199.0
271.0
199.0
142.0
306.0
260.0
388.0
213.0
280.0
226.0
182.0
65.0
365.0
366.0
166.0
335.0
225.0
166.0
64.0
216.0
276.0
255.0
199.0
164.0
46.0
326.0
255.0
39.0
137.0
301.0
243.0
166.0
38.0
175.0
329.0
188.0
3.0
356.0
128.0
123.0
231.0
345.0
270.0
166.0
132.0
284.0
360.0
70.0
385.0
276.0
76.0
315.0
44.0
287.0
231.0
173.0
185.0
82.0
334.0
137.0
46.0
31.0
160.0
235.0
155.0
376.0
334.0
384.0
54.0
370.0
32.0
219.0
18.0
277.0
48.0
371.0
232.0
213.0
219.0
199.0
77.0
362.0
33.0
10.0
296.0
394.0
241.0
6.0
220.0
276.0
258.0
322.0
385.0
300.0
289.0
269.0
32.0
276.0
260.0
137.0
323.0
11.0
30.0
195.0
297.0
291.0
299.0
65.0
295.0
61.0
358.0
324.0
370.0
123.0
275.0
388.0
128.0
279.0
59.0
272.0
326.0
138.0
234.0
357.0
222.0
16.0
253.0
110.0
209.0
292.0
184.0
100.0
264.0
72.0
249.0
86.0
220.0
386.0
195.0
21.0
306.0
293.0
286.0
21.0
13.0
346.0
46.0
340.0
269.0
11.0
299.0
17.0
332.0
226.0
7.0
100.0
175.0
210.0
75.0
61.0
375.0
41.0
116.0
155.0
314.0
136.0
186.0
233.0
112.0
140.0
208.0
193.0
91.0
285.0
167.0
64.0
183.0
216.0
145.0
100.0
328.0
267.0
13.0
195.0
78.0
361.0
355.0
40.0
164.0
86.0
222.0
368.0
368.0
35.0
150.0
318.0
302.0
379.0
357.0
315.0
81.0
91.0
106.0
152.0
319.0
227.0
250.0
108.0
34.0
340.0
215.0
220.0
345.0
334.0
136.0
282.0
6.0
365.0
41.0
223.0
278.0
167.0
130.0
322.0
235.0
202.0
118.0
200.0
156.0
294.0
327.0
232.0
53.0
286.0
299.0
32.0
5.0
178.0
182.0
345.0
114.0
378.0
314.0
26.0
279.0
393.0
353.0
133.0
212.0
109.0
309.0
277.0
104.0
200.0
131.0
57.0
315.0
239.0
178.0
73.0
267.0
209.0
380.0
397.0
131.0
245.0
57.0
30.0
331.0
246.0
131.0
7.0
246.0
62.0
132.0
51.0
383.0
15.0
205.0
288.0
105.0
240.0
196.0
388.0
115.0
292.0
184.0
77.0
281.0
185.0
374.0
135.0
217.0
150.0
74.0
354.0
124.0
211.0
55.0
349.0
263.0
309.0
239.0
128.0
108.0
352.0
242.0
264.0
104.0
94.0
22.0
263.0
148.0
5.0
25.0
373.0
197.0
17.0
381.0
138.0
77.0
234.0
176.0
93.0
385.0
77.0
244.0
121.0
274.0
39.0
180.0
257.0
278.0
86.0
204.0
167.0
250.0
335.0
159.0
167.0
113.0
269.0
181.0
175.0
32.0
301.0
99.0
43.0
306.0
366.0
358.0
377.0
333.0
335.0
26.0
80.0
260.0
296.0
224.0
211.0
25.0
242.0
321.0
80.0
386.0
340.0
241.0
192.0
115.0
74.0
297.0
359.0
362.0
314.0
192.0
111.0
372.0
127.0
135.0
81.0
193.0
177.0
269.0
57.0
50.0
278.0
307.0
107.0
22.0
256.0
278.0
180.0
248.0
357.0
149.0
238.0
287.0
76.0
378.0
97.0
257.0
95.0
359.0
34.0
193.0
74.0
321.0
70.0
382.0
57.0
8.0
67.0
188.0
246.0
14.0
331.0
378.0
70.0
244.0
259.0
119.0
107.0
44.0
236.0
264.0
314.0
184.0
221.0
46.0
220.0
86.0
341.0
54.0
136.0
258.0
107.0
278.0
387.0
237.0
83.0
329.0
127.0
324.0
72.0
95.0
172.0
136.0
207.0
48.0
221.0
118.0
120.0
53.0
251.0
385.0
278.0
56.0
282.0
109.0
326.0
336.0
67.0
196.0
243.0
309.0
320.0
176.0
218.0
343.0
237.0
157.0
296.0
31.0
156.0
178.0
222.0
161.0
84.0
199.0
289.0
62.0
345.0
263.0
67.0
161.0
380.0
155.0
377.0
226.0
199.0
315.0
355.0
247.0
130.0
314.0
71.0
259.0
199.0
243.0
249.0
333.0
93.0
375.0
366.0
235.0
86.0
38.0
375.0
177.0
186.0
334.0
20.0
313.0
28.0
216.0
218.0
213.0
44.0
138.0
300.0
176.0
235.0
289.0
3.0
99.0
57.0
246.0
348.0
10.0
353.0
200.0
113.0
189.0
62.0
93.0
220.0
318.0
226.0
21.0
32.0
106.0
369.0
18.0
371.0
384.0
279.0
319.0
156.0
49.0
125.0
105.0
374.0
144.0
180.0
354.0
83.0
91.0
56.0
391.0
165.0
49.0
195.0
340.0
172.0
295.0
260.0
357.0
222.0
305.0
375.0
234.0
114.0
303.0
173.0
370.0
60.0
47.0
327.0
282.0
256.0
194.0
308.0
364.0
384.0
187.0
203.0
222.0
218.0
2.0
289.0
41.0
174.0
150.0
146.0
29.0
308.0
296.0
364.0
312.0
264.0
249.0
80.0
241.0
238.0
123.0
253.0
272.0
125.0
311.0
316.0
224.0
70.0
118.0
56.0
399.0
276.0
64.0
93.0
258.0
375.0
217.0
126.0
354.0
189.0
388.0
128.0
65.0
380.0
40.0
198.0
299.0
114.0
346.0
72.0
120.0
145.0
340.0
203.0
377.0
125.0
80.0
154.0
79.0
362.0
375.0
258.0
307.0
360.0
207.0
330.0
395.0
206.0
71.0
259.0
390.0
145.0
79.0
68.0
151.0
66.0
278.0
385.0
202.0
113.0
364.0
251.0
78.0
74.0
44.0
214.0
329.0
122.0
266.0
144.0
13.0
56.0
217.0
356.0
82.0
368.0
57.0
315.0
42.0
376.0
135.0
127.0
307.0
79.0
307.0
20.0
182.0
364.0
42.0
214.0
265.0
24.0
325.0
255.0
103.0
191.0
399.0
109.0
189.0
400.0
191.0
42.0
380.0
285.0
213.0
87.0
253.0
278.0
116.0
386.0
65.0
95.0
22.0
8.0
184.0
201.0
399.0
184.0
125.0
120.0
171.0
241.0
284.0
39.0
202.0
303.0
240.0
41.0
163.0
237.0
234.0
162.0
88.0
250.0
265.0
137.0
304.0
263.0
333.0
214.0
308.0
24.0
131.0
165.0
50.0
341.0
352.0
233.0
311.0
235.0
324.0
163.0
339.0
49.0
81.0
298.0
191.0
279.0
91.0
271.0
107.0
289.0
156.0
331.0
243.0
54.0
314.0
230.0
374.0
310.0
140.0
235.0
277.0
92.0
174.0
382.0
121.0
278.0
400.0
96.0
379.0
21.0
18.0
139.0
128.0
119.0
162.0
147.0
384.0
24.0
250.0
208.0
41.0
276.0
320.0
224.0
282.0
352.0
191.0
335.0
275.0
5.0
101.0
301.0
299.0
327.0
399.0
209.0
51.0
76.0
59.0
39.0
30.0
73.0
253.0
118.0
310.0
280.0
187.0
190.0
80.0
66.0
52.0
366.0
28.0
229.0
181.0
394.0
171.0
228.0
255.0
5.0
261.0
183.0
234.0
334.0
124.0
20.0
355.0
233.0
340.0
19.0
73.0
125.0
53.0
67.0
183.0
224.0
149.0
15.0
200.0
45.0
115.0
269.0
241.0
88.0
39.0
361.0
38.0
250.0
281.0
155.0
354.0
241.0
392.0
68.0
98.0
42.0
340.0
348.0
24.0
310.0
342.0
215.0
49.0
326.0
204.0
112.0
111.0
386.0
199.0
311.0
139.0
214.0
296.0
336.0
367.0
10.0
158.0
99.0
169.0
366.0
274.0
342.0
230.0
356.0
346.0
63.0
147.0
380.0
316.0
195.0
255.0
208.0
345.0
54.0
388.0
181.0
28.0
269.0
231.0
8.0
390.0
140.0
60.0
243.0
6.0
39.0
273.0
299.0
119.0
126.0
285.0
58.0
289.0
120.0
91.0
307.0
292.0
166.0
210.0
133.0
55.0
176.0
34.0
308.0
315.0
193.0
230.0
24.0
353.0
159.0
361.0
361.0
262.0
54.0
40.0
319.0
255.0
131.0
307.0
352.0
260.0
145.0
329.0
344.0
42.0
85.0
246.0
322.0
285.0
32.0
310.0
263.0
159.0
134.0
297.0
387.0
219.0
334.0
21.0
247.0
64.0
141.0
187.0
298.0
51.0
48.0
91.0
332.0
172.0
74.0
356.0
79.0
255.0
132.0
289.0
246.0
350.0
248.0
93.0
66.0
180.0
351.0
118.0
264.0
262.0
257.0
326.0
205.0
108.0
64.0
211.0
71.0
193.0
6.0
338.0
234.0
44.0
37.0
328.0
170.0
251.0
110.0
205.0
260.0
176.0
59.0
30.0
46.0
313.0
321.0
99.0
306.0
123.0
118.0
304.0
205.0
303.0
263.0
254.0
163.0
178.0
282.0
360.0
125.0
112.0
360.0
78.0
143.0
319.0
5.0
152.0
193.0
356.0
329.0
177.0
333.0
335.0
116.0
148.0
213.0
347.0
77.0
56.0
340.0
389.0
69.0
175.0
35.0
351.0
197.0
245.0
353.0
200.0
338.0
195.0
39.0
388.0
327.0
329.0
376.0
94.0
166.0
74.0
276.0
4.0
133.0
383.0
191.0
278.0
150.0
372.0
68.0
2.0
154.0
263.0
373.0
346.0
203.0
356.0
19.0
90.0
309.0
236.0
387.0
166.0
372.0
205.0
366.0
25.0
361.0
41.0
96.0
141.0
240.0
253.0
170.0
334.0
121.0
51.0
148.0
305.0
272.0
65.0
239.0
349.0
83.0
123.0
321.0
29.0
370.0
196.0
150.0
363.0
319.0
293.0
6.0
140.0
286.0
37.0
197.0
105.0
256.0
141.0
240.0
169.0
283.0
218.0
282.0
221.0
303.0
364.0
273.0
77.0
115.0
261.0
73.0
362.0
205.0
210.0
327.0
100.0
272.0
263.0
72.0
275.0
142.0
348.0
24.0
292.0
73.0
252.0
173.0
132.0
14.0
235.0
264.0
189.0
145.0
68.0
254.0
254.0
383.0
386.0
89.0
53.0
167.0
245.0
351.0
367.0
156.0
298.0
385.0
251.0
107.0
269.0
272.0
45.0
7.0
75.0
9.0
122.0
218.0
249.0
289.0
180.0
7.0
148.0
385.0
162.0
267.0
10.0
129.0
77.0
21.0
382.0
197.0
9.0
162.0
97.0
298.0
363.0
282.0
122.0
61.0
211.0
29.0
168.0
107.0
332.0
65.0
211.0
313.0
55.0
293.0
51.0
243.0
278.0
182.0
224.0
202.0
315.0
150.0
366.0
337.0
101.0
19.0
184.0
207.0
80.0
272.0
127.0
392.0
44.0
369.0
35.0
12.0
189.0
3.0
276.0
154.0
149.0
315.0
244.0
295.0
388.0
170.0
82.0
355.0
149.0
209.0
264.0
36.0
205.0
316.0
266.0
51.0
235.0
338.0
78.0
187.0
106.0
60.0
360.0
64.0
270.0
301.0
213.0
187.0
384.0
387.0
398.0
176.0
205.0
332.0
235.0
133.0
19.0
182.0
355.0
53.0
270.0
113.0
76.0
315.0
374.0
23.0
72.0
18.0
318.0
204.0
365.0
26.0
342.0
317.0
84.0
262.0
117.0
56.0
45.0
160.0
298.0
234.0
266.0
197.0
395.0
125.0
392.0
205.0
174.0
99.0
145.0
354.0
269.0
290.0
173.0
109.0
103.0
81.0
128.0
95.0
250.0
81.0
51.0
71.0
26.0
92.0
251.0
312.0
78.0
152.0
171.0
229.0
53.0
72.0
350.0
286.0
334.0
301.0
153.0
354.0
337.0
319.0
354.0
91.0
167.0
345.0
386.0
362.0
278.0
97.0
387.0
203.0
272.0
219.0
2.0
9.0
308.0
326.0
382.0
386.0
170.0
285.0
47.0
350.0
370.0
197.0
396.0
305.0
280.0
190.0
315.0
5.0
381.0
191.0
5.0
41.0
204.0
308.0
31.0
174.0
116.0
223.0
49.0
283.0
18.0
69.0
390.0
46.0
338.0
66.0
141.0
189.0
64.0
277.0
365.0
259.0
329.0
316.0
147.0
115.0
48.0
46.0
235.0
27.0
385.0
132.0
218.0
280.0
171.0
86.0
280.0
267.0
297.0
101.0
395.0
171.0
213.0
270.0
163.0
320.0
219.0
290.0
146.0
213.0
367.0
363.0
290.0
386.0
400.0
23.0
357.0
44.0
329.0
213.0
60.0
141.0
194.0
24.0
367.0
87.0
9.0
356.0
19.0
273.0
154.0
184.0
300.0
90.0
368.0
318.0
96.0
114.0
278.0
12.0
85.0
232.0
313.0
54.0
72.0
117.0
290.0
269.0
82.0
235.0
192.0
8.0
124.0
149.0
309.0
123.0
336.0
243.0
111.0
211.0
2.0
315.0
164.0
16.0
354.0
307.0
252.0
52.0
337.0
90.0
400.0
393.0
397.0
76.0
377.0
197.0
138.0
36.0
256.0
126.0
16.0
264.0
178.0
283.0
183.0
223.0
171.0
251.0
277.0
398.0
317.0
17.0
219.0
14.0
343.0
324.0
77.0
251.0
82.0
140.0
313.0
140.0
399.0
398.0
25.0
138.0
24.0
273.0
314.0
79.0
323.0
63.0
308.0
110.0
12.0
158.0
30.0
301.0
240.0
290.0
281.0
27.0
38.0
314.0
106.0
80.0
365.0
26.0
22.0
196.0
216.0
306.0
338.0
187.0
115.0
108.0
285.0
20.0
72.0
101.0
139.0
178.0
227.0
318.0
54.0
145.0
24.0
159.0
225.0
356.0
179.0
60.0
162.0
62.0
104.0
341.0
252.0
59.0
93.0
374.0
90.0
325.0
41.0
262.0
53.0
130.0
59.0
138.0
350.0
123.0
150.0
383.0
146.0
38.0
351.0
294.0
120.0
34.0
29.0
48.0
364.0
90.0
147.0
189.0
358.0
363.0
117.0
122.0
72.0
145.0
211.0
76.0
218.0
378.0
178.0
249.0
106.0
230.0
234.0
367.0
46.0
149.0
320.0
299.0
326.0
353.0
52.0
262.0
51.0
70.0
167.0
359.0
35.0
92.0
238.0
102.0
291.0
126.0
195.0
64.0
181.0
26.0
141.0
388.0
177.0
250.0
340.0
125.0
327.0
257.0
316.0
91.0
250.0
74.0
179.0
153.0
321.0
82.0
397.0
298.0
9.0
257.0
99.0
246.0
86.0
88.0
81.0
104.0
38.0
115.0
223.0
304.0
2.0
210.0
313.0
205.0
249.0
158.0
275.0
175.0
254.0
13.0
33.0
195.0
282.0
85.0
128.0
134.0
316.0
267.0
52.0
295.0
72.0
331.0
316.0
213.0
54.0
250.0
243.0
364.0
391.0
102.0
144.0
85.0
125.0
173.0
42.0
31.0
63.0
275.0
182.0
383.0
164.0
363.0
44.0
44.0
72.0
201.0
37.0
244.0
37.0
284.0
4.0
377.0
224.0
192.0
117.0
56.0
204.0
61.0
270.0
172.0
213.0
186.0
7.0
313.0
329.0
162.0
148.0
187.0
332.0
143.0
305.0
177.0
328.0
101.0
91.0
33.0
249.0
280.0
124.0
105.0
394.0
370.0
183.0
141.0
342.0
297.0
33.0
17.0
132.0
347.0
78.0
46.0
5.0
33.0
120.0
220.0
144.0
111.0
276.0
138.0
36.0
138.0
258.0
255.0
277.0
49.0
116.0
181.0
54.0
318.0
56.0
353.0
272.0
44.0
127.0
370.0
349.0
286.0
82.0
116.0
100.0
361.0
48.0
190.0
390.0
202.0
15.0
325.0
90.0
151.0
57.0
289.0
320.0
282.0
194.0
281.0
350.0
351.0
309.0
157.0
237.0
70.0
201.0
53.0
177.0
357.0
13.0
247.0
179.0
1.0
375.0
96.0
375.0
152.0
345.0
270.0
221.0
296.0
91.0
49.0
38.0
396.0
246.0
58.0
232.0
217.0
378.0
139.0
152.0
94.0
149.0
49.0
58.0
351.0
300.0
351.0
300.0
100.0
309.0
138.0
21.0
137.0
162.0
263.0
305.0
166.0
327.0
92.0
75.0
123.0
112.0
216.0
245.0
157.0
378.0
360.0
247.0
305.0
399.0
292.0
358.0
208.0
73.0
315.0
11.0
50.0
386.0
113.0
245.0
111.0
220.0
377.0
274.0
229.0
281.0
353.0
226.0
61.0
36.0
343.0
182.0
101.0
246.0
314.0
114.0
78.0
351.0
259.0
4.0
237.0
132.0
86.0
107.0
56.0
255.0
75.0
337.0
214.0
153.0
202.0
372.0
310.0
117.0
312.0
222.0
256.0
60.0
89.0
227.0
216.0
233.0
151.0
167.0
361.0
360.0
387.0
153.0
268.0
388.0
156.0
38.0
357.0
76.0
331.0
141.0
274.0
113.0
335.0
98.0
212.0
5.0
105.0
176.0
367.0
238.0
305.0
12.0
192.0
214.0
164.0
124.0
171.0
286.0
119.0
99.0
158.0
320.0
388.0
202.0
50.0
112.0
148.0
317.0
331.0
367.0
288.0
288.0
42.0
122.0
246.0
61.0
222.0
157.0
24.0
190.0
358.0
151.0
177.0
338.0
114.0
140.0
304.0
34.0
7.0
362.0
185.0
283.0
383.0
190.0
340.0
112.0
23.0
333.0
346.0
391.0
97.0
363.0
280.0
282.0
390.0
46.0
35.0
191.0
201.0
226.0
301.0
126.0
277.0
170.0
142.0
108.0
400.0
35.0
371.0
50.0
254.0
259.0
349.0
297.0
182.0
180.0
264.0
312.0
389.0
306.0
195.0
392.0
382.0
126.0
322.0
217.0
365.0
208.0
376.0
136.0
32.0
147.0
106.0
353.0
292.0
281.0
394.0
228.0
193.0
167.0
315.0
118.0
192.0
168.0
177.0
132.0
219.0
55.0
89.0
75.0
168.0
217.0
131.0
98.0
121.0
66.0
378.0
70.0
299.0
19.0
271.0
246.0
55.0
24.0
393.0
58.0
153.0
29.0
306.0
337.0
40.0
302.0
228.0
395.0
395.0
110.0
228.0
57.0
255.0
233.0
88.0
105.0
342.0
115.0
23.0
315.0
229.0
89.0
196.0
297.0
7.0
203.0
297.0
6.0
118.0
160.0
100.0
90.0
40.0
262.0
276.0
174.0
135.0
218.0
89.0
239.0
199.0
327.0
286.0
122.0
92.0
83.0
271.0
59.0
334.0
341.0
358.0
312.0
307.0
85.0
319.0
370.0
300.0
39.0
114.0
33.0
369.0
259.0
135.0
110.0
300.0
93.0
342.0
325.0
311.0
322.0
374.0
76.0
16.0
54.0
239.0
117.0
307.0
273.0
78.0
52.0
81.0
67.0
312.0
74.0
321.0
172.0
272.0
269.0
63.0
387.0
9.0
244.0
329.0
288.0
121.0
179.0
109.0
323.0
196.0
350.0
113.0
141.0
221.0
205.0
280.0
301.0
61.0
345.0
171.0
294.0
306.0
222.0
278.0
388.0
141.0
309.0
354.0
174.0
336.0
254.0
129.0
35.0
363.0
339.0
335.0
303.0
174.0
73.0
312.0
69.0
269.0
155.0
348.0
304.0
300.0
308.0
284.0
40.0
137.0
224.0
234.0
272.0
19.0
314.0
378.0
235.0
346.0
180.0
227.0
226.0
33.0
370.0
357.0
297.0
23.0
217.0
204.0
338.0
139.0
195.0
378.0
16.0
87.0
142.0
295.0
74.0
80.0
93.0
368.0
27.0
129.0
15.0
127.0
306.0
175.0
16.0
203.0
260.0
364.0
84.0
395.0
104.0
263.0
169.0
351.0
93.0
244.0
224.0
330.0
23.0
46.0
247.0
400.0
321.0
371.0
271.0
391.0
120.0
338.0
90.0
334.0
237.0
328.0
226.0
341.0
25.0
213.0
191.0
398.0
357.0
350.0
188.0
359.0
219.0
267.0
386.0
134.0
359.0
369.0
264.0
132.0
372.0
348.0
52.0
40.0
355.0
155.0
373.0
145.0
311.0
119.0
260.0
71.0
325.0
48.0
349.0
145.0
207.0
267.0
186.0
93.0
227.0
99.0
307.0
354.0
255.0
13.0
64.0
310.0
5.0
258.0
127.0
299.0
29.0
173.0
116.0
135.0
163.0
373.0
101.0
136.0
358.0
35.0
196.0
242.0
393.0
341.0
19.0
355.0
238.0
221.0
14.0
100.0
189.0
135.0
149.0
249.0
173.0
316.0
102.0
299.0
299.0
374.0
78.0
136.0
103.0
122.0
46.0
285.0
14.0
23.0
353.0
212.0
50.0
273.0
167.0
206.0
298.0
358.0
285.0
385.0
174.0
181.0
377.0
79.0
91.0
89.0
131.0
278.0
393.0
50.0
143.0
155.0
221.0
122.0
359.0
164.0
73.0
245.0
32.0
317.0
230.0
377.0
27.0
208.0
392.0
18.0
194.0
13.0
16.0
155.0
297.0
261.0
331.0
368.0
354.0
286.0
226.0
209.0
26.0
160.0
341.0
79.0
393.0
91.0
172.0
95.0
110.0
186.0
397.0
212.0
333.0
188.0
345.0
381.0
225.0
193.0
147.0
271.0
340.0
316.0
160.0
345.0
90.0
89.0
274.0
68.0
170.0
146.0
273.0
57.0
7.0
260.0
342.0
203.0
50.0
358.0
314.0
213.0
316.0
362.0
350.0
205.0
107.0
104.0
268.0
73.0
248.0
335.0
13.0
254.0
337.0
83.0
278.0
366.0
102.0
121.0
208.0
243.0
142.0
170.0
148.0
372.0
37.0
386.0
254.0
133.0
90.0
32.0
124.0
110.0
141.0
179.0
146.0
334.0
141.0
172.0
349.0
231.0
174.0
61.0
304.0
250.0
10.0
113.0
350.0
138.0
189.0
394.0
107.0
124.0
212.0
18.0
354.0
83.0
213.0
66.0
178.0
165.0
375.0
27.0
34.0
32.0
189.0
311.0
396.0
150.0
187.0
2.0
284.0
153.0
70.0
296.0
205.0
373.0
150.0
330.0
75.0
271.0
120.0
36.0
336.0
85.0
74.0
215.0
56.0
235.0
87.0
128.0
165.0
72.0
91.0
372.0
33.0
119.0
283.0
86.0
42.0
400.0
327.0
338.0
3.0
269.0
262.0
393.0
6.0
117.0
343.0
304.0
96.0
305.0
45.0
389.0
225.0
314.0
127.0
382.0
278.0
297.0
106.0
125.0
310.0
399.0
173.0
296.0
344.0
44.0
315.0
67.0
24.0
40.0
230.0
226.0
381.0
46.0
150.0
100.0
229.0
56.0
79.0
294.0
23.0
51.0
275.0
209.0
389.0
184.0
177.0
165.0
48.0
14.0
158.0
301.0
216.0
16.0
218.0
277.0
141.0
68.0
232.0
367.0
288.0
143.0
85.0
193.0
209.0
353.0
127.0
368.0
328.0
43.0
42.0
127.0
276.0
323.0
381.0
285.0
18.0
337.0
170.0
358.0
7.0
261.0
378.0
295.0
324.0
193.0
245.0
267.0
160.0
363.0
199.0
206.0
166.0
101.0
315.0
285.0
255.0
251.0
362.0
334.0
306.0
172.0
133.0
394.0
285.0
311.0
286.0
273.0
14.0
326.0
139.0
122.0
144.0
375.0
330.0
368.0
158.0
77.0
246.0
255.0
330.0
365.0
340.0
48.0
206.0
192.0
219.0
204.0
171.0
50.0
337.0
14.0
89.0
357.0
25.0
282.0
18.0
66.0
177.0
350.0
123.0
179.0
293.0
223.0
311.0
170.0
174.0
76.0
237.0
53.0
245.0
144.0
60.0
278.0
328.0
246.0
21.0
289.0
246.0
238.0
123.0
193.0
361.0
155.0
163.0
237.0
331.0
390.0
145.0
392.0
380.0
392.0
244.0
286.0
271.0
166.0
400.0
63.0
215.0
320.0
146.0
363.0
138.0
343.0
294.0
376.0
207.0
381.0
116.0
221.0
176.0
383.0
204.0
171.0
287.0
338.0
393.0
259.0
198.0
385.0
93.0
155.0
20.0
392.0
31.0
286.0
191.0
7.0
168.0
374.0
351.0
308.0
170.0
281.0
130.0
13.0
162.0
392.0
233.0
320.0
72.0
223.0
255.0
36.0
186.0
199.0
10.0
189.0
301.0
352.0
386.0
205.0
187.0
322.0
305.0
391.0
30.0
212.0
59.0
185.0
272.0
255.0
371.0
265.0
357.0
382.0
65.0
82.0
325.0
314.0
246.0
385.0
82.0
293.0
344.0
351.0
68.0
115.0
140.0
60.0
251.0
386.0
35.0
285.0
203.0
84.0
341.0
211.0
263.0
221.0
350.0
287.0
216.0
167.0
265.0
327.0
18.0
176.0
13.0
113.0
336.0
338.0
283.0
227.0
383.0
385.0
196.0
247.0
157.0
311.0
80.0
51.0
60.0
135.0
170.0
205.0
309.0
171.0
92.0
98.0
289.0
135.0
73.0
177.0
138.0
222.0
305.0
129.0
257.0
89.0
29.0
207.0
378.0
219.0
122.0
71.0
213.0
22.0
236.0
304.0
108.0
74.0
278.0
38.0
302.0
363.0
118.0
307.0
273.0
165.0
36.0
261.0
304.0
20.0
86.0
68.0
60.0
78.0
20.0
36.0
73.0
11.0
241.0
373.0
162.0
359.0
233.0
13.0
52.0
19.0
329.0
279.0
395.0
113.0
117.0
270.0
338.0
293.0
291.0
366.0
128.0
336.0
250.0
106.0
21.0
288.0
352.0
317.0
289.0
84.0
319.0
251.0
42.0
98.0
182.0
56.0
172.0
173.0
182.0
73.0
285.0
297.0
306.0
255.0
15.0
219.0
226.0
384.0
307.0
58.0
25.0
153.0
247.0
142.0
151.0
189.0
246.0
175.0
201.0
350.0
50.0
153.0
203.0
56.0
170.0
4.0
158.0
15.0
339.0
61.0
240.0
226.0
332.0
105.0
145.0
144.0
20.0
323.0
261.0
133.0
88.0
67.0
15.0
218.0
55.0
125.0
335.0
30.0
355.0
245.0
161.0
194.0
52.0
152.0
220.0
140.0
391.0
360.0
134.0
205.0
265.0
369.0
164.0
250.0
295.0
165.0
100.0
93.0
8.0
227.0
371.0
20.0
105.0
317.0
121.0
52.0
18.0
282.0
16.0
139.0
240.0
224.0
369.0
313.0
188.0
171.0
248.0
261.0
129.0
104.0
230.0
364.0
143.0
267.0
216.0
229.0
174.0
213.0
97.0
146.0
191.0
150.0
42.0
383.0
67.0
208.0
201.0
328.0
382.0
87.0
43.0
307.0
15.0
125.0
385.0
390.0
145.0
252.0
336.0
315.0
220.0
390.0
326.0
73.0
311.0
13.0
383.0
296.0
315.0
112.0
85.0
116.0
302.0
316.0
250.0
390.0
73.0
382.0
254.0
110.0
364.0
309.0
279.0
40.0
301.0
298.0
122.0
84.0
159.0
325.0
400.0
117.0
375.0
263.0
227.0
155.0
55.0
341.0
323.0
183.0
315.0
105.0
161.0
30.0
258.0
45.0
394.0
273.0
287.0
207.0
49.0
200.0
281.0
219.0
302.0
245.0
103.0
399.0
310.0
343.0
51.0
336.0
210.0
264.0
364.0
320.0
321.0
261.0
370.0
393.0
324.0
324.0
51.0
185.0
98.0
363.0
87.0
20.0
291.0
250.0
236.0
265.0
95.0
323.0
267.0
318.0
161.0
350.0
89.0
237.0
288.0
42.0
204.0
130.0
269.0
191.0
30.0
71.0
137.0
358.0
68.0
229.0
169.0
174.0
397.0
75.0
161.0
178.0
28.0
13.0
195.0
323.0
120.0
83.0
106.0
140.0
110.0
6.0
32.0
105.0
92.0
327.0
312.0
397.0
273.0
303.0
93.0
93.0
26.0
371.0
338.0
339.0
248.0
75.0
60.0
118.0
268.0
148.0
101.0
361.0
335.0
249.0
334.0
341.0
205.0
363.0
282.0
109.0
10.0
367.0
232.0
154.0
9.0
56.0
66.0
301.0
340.0
123.0
126.0
160.0
120.0
333.0
100.0
355.0
203.0
44.0
307.0
21.0
96.0
329.0
303.0
363.0
209.0
354.0
150.0
14.0
145.0
311.0
333.0
376.0
257.0
186.0
71.0
222.0
325.0
207.0
399.0
224.0
190.0
59.0
132.0
117.0
318.0
346.0
390.0
358.0
35.0
227.0
109.0
350.0
3.0
198.0
395.0
203.0
101.0
121.0
320.0
309.0
180.0
257.0
235.0
113.0
384.0
42.0
35.0
241.0
334.0
390.0
250.0
234.0
247.0
279.0
100.0
355.0
76.0
284.0
66.0
278.0
388.0
177.0
229.0
215.0
277.0
319.0
60.0
59.0
53.0
191.0
153.0
54.0
20.0
91.0
257.0
352.0
102.0
126.0
37.0
362.0
84.0
87.0
290.0
196.0
222.0
133.0
262.0
339.0
201.0
351.0
306.0
123.0
383.0
378.0
271.0
224.0
98.0
194.0
324.0
380.0
372.0
89.0
98.0
98.0
310.0
357.0
300.0
311.0
282.0
45.0
143.0
7.0
92.0
38.0
47.0
124.0
27.0
337.0
362.0
154.0
321.0
225.0
39.0
192.0
352.0
205.0
152.0
145.0
26.0
27.0
391.0
307.0
63.0
228.0
63.0
251.0
26.0
62.0
397.0
337.0
190.0
354.0
95.0
110.0
232.0
105.0
53.0
313.0
34.0
313.0
158.0
366.0
313.0
397.0
36.0
146.0
24.0
342.0
115.0
89.0
192.0
374.0
371.0
352.0
220.0
57.0
94.0
240.0
292.0
256.0
12.0
180.0
99.0
204.0
67.0
133.0
204.0
180.0
278.0
306.0
379.0
84.0
377.0
23.0
374.0
392.0
221.0
344.0
190.0
388.0
241.0
37.0
132.0
79.0
4.0
376.0
13.0
194.0
350.0
329.0
55.0
20.0
2.0
296.0
284.0
90.0
158.0
293.0
58.0
321.0
124.0
400.0
280.0
106.0
129.0
309.0
53.0
376.0
341.0
254.0
277.0
75.0
171.0
357.0
121.0
91.0
122.0
118.0
332.0
192.0
25.0
7.0
369.0
311.0
194.0
123.0
326.0
53.0
127.0
309.0
179.0
210.0
292.0
165.0
141.0
342.0
114.0
232.0
316.0
3.0
305.0
325.0
279.0
162.0
85.0
141.0
195.0
320.0
366.0
389.0
186.0
90.0
343.0
225.0
44.0
340.0
144.0
43.0
290.0
248.0
325.0
116.0
261.0
313.0
41.0
309.0
131.0
254.0
201.0
368.0
112.0
382.0
97.0
18.0
97.0
2.0
303.0
32.0
288.0
349.0
168.0
200.0
275.0
336.0
141.0
144.0
352.0
3.0
152.0
7.0
62.0
53.0
49.0
167.0
230.0
314.0
54.0
221.0
132.0
382.0
6.0
217.0
191.0
230.0
358.0
336.0
80.0
68.0
275.0
394.0
230.0
6.0
107.0
278.0
81.0
390.0
27.0
385.0
302.0
269.0
276.0
31.0
109.0
81.0
300.0
381.0
181.0
115.0
391.0
385.0
378.0
184.0
191.0
376.0
252.0
281.0
53.0
316.0
239.0
114.0
66.0
351.0
264.0
275.0
85.0
330.0
315.0
320.0
375.0
335.0
324.0
267.0
68.0
103.0
375.0
356.0
42.0
253.0
376.0
254.0
271.0
207.0
304.0
20.0
118.0
263.0
19.0
145.0
58.0
392.0
90.0
85.0
29.0
377.0
171.0
233.0
323.0
323.0
176.0
226.0
343.0
60.0
227.0
350.0
200.0
88.0
190.0
390.0
272.0
103.0
252.0
300.0
181.0
177.0
398.0
127.0
111.0
235.0
4.0
66.0
144.0
387.0
366.0
384.0
309.0
359.0
337.0
128.0
343.0
361.0
281.0
398.0
89.0
261.0
317.0
149.0
173.0
138.0
105.0
66.0
151.0
251.0
162.0
315.0
9.0
201.0
46.0
235.0
276.0
80.0
276.0
181.0
85.0
57.0
310.0
139.0
65.0
392.0
34.0
275.0
156.0
345.0
118.0
255.0
11.0
344.0
292.0
263.0
154.0
102.0
236.0
161.0
113.0
211.0
146.0
359.0
55.0
20.0
124.0
194.0
153.0
79.0
50.0
103.0
61.0
366.0
233.0
50.0
241.0
346.0
142.0
282.0
158.0
236.0
206.0
233.0
71.0
1.0
312.0
31.0
187.0
291.0
14.0
299.0
206.0
35.0
26.0
86.0
120.0
349.0
247.0
379.0
305.0
334.0
170.0
202.0
338.0
259.0
160.0
299.0
188.0
111.0
346.0
118.0
109.0
295.0
352.0
150.0
274.0
144.0
50.0
235.0
270.0
258.0
243.0
309.0
4.0
165.0
246.0
82.0
71.0
372.0
34.0
62.0
177.0
59.0
76.0
160.0
73.0
173.0
162.0
306.0
171.0
127.0
387.0
71.0
352.0
146.0
351.0
241.0
113.0
238.0
42.0
303.0
203.0
290.0
48.0
111.0
178.0
232.0
376.0
169.0
161.0
97.0
389.0
120.0
133.0
200.0
189.0
261.0
386.0
15.0
102.0
263.0
259.0
256.0
18.0
64.0
82.0
338.0
46.0
75.0
269.0
222.0
101.0
387.0
332.0
94.0
102.0
247.0
393.0
167.0
265.0
137.0
199.0
134.0
30.0
362.0
118.0
188.0
279.0
328.0
259.0
186.0
241.0
337.0
218.0
103.0
396.0
318.0
351.0
68.0
49.0
344.0
258.0
193.0
310.0
285.0
275.0
76.0
305.0
247.0
45.0
359.0
169.0
244.0
192.0
154.0
156.0
104.0
186.0
243.0
108.0
273.0
383.0
17.0
253.0
253.0
365.0
28.0
305.0
96.0
36.0
243.0
377.0
140.0
105.0
370.0
330.0
218.0
117.0
313.0
183.0
177.0
186.0
354.0
337.0
242.0
125.0
84.0
269.0
211.0
358.0
96.0
126.0
395.0
305.0
68.0
144.0
57.0
28.0
210.0
389.0
34.0
364.0
26.0
371.0
282.0
290.0
169.0
223.0
105.0
177.0
6.0
110.0
254.0
115.0
194.0
61.0
201.0
351.0
254.0
288.0
38.0
237.0
140.0
126.0
18.0
102.0
124.0
81.0
36.0
35.0
327.0
37.0
209.0
141.0
23.0
278.0
187.0
371.0
317.0
271.0
132.0
131.0
253.0
215.0
273.0
308.0
91.0
34.0
397.0
12.0
155.0
298.0
136.0
325.0
122.0
64.0
297.0
301.0
379.0
121.0
323.0
391.0
308.0
124.0
212.0
327.0
391.0
350.0
142.0
352.0
8.0
132.0
145.0
276.0
118.0
346.0
329.0
81.0
4.0
139.0
234.0
321.0
14.0
276.0
317.0
369.0
335.0
133.0
14.0
241.0
178.0
360.0
285.0
148.0
311.0
332.0
357.0
44.0
12.0
50.0
275.0
343.0
317.0
73.0
254.0
128.0
103.0
89.0
192.0
358.0
155.0
240.0
291.0
5.0
44.0
380.0
41.0
206.0
52.0
174.0
283.0
71.0
222.0
53.0
123.0
76.0
354.0
36.0
25.0
251.0
366.0
44.0
98.0
79.0
271.0
224.0
24.0
224.0
179.0
87.0
150.0
98.0
134.0
336.0
61.0
18.0
301.0
243.0
215.0
7.0
269.0
13.0
190.0
170.0
295.0
189.0
237.0
367.0
198.0
291.0
188.0
100.0
334.0
152.0
229.0
389.0
214.0
278.0
249.0
164.0
388.0
397.0
235.0
362.0
376.0
392.0
128.0
45.0
367.0
144.0
59.0
392.0
349.0
251.0
288.0
32.0
178.0
231.0
63.0
17.0
336.0
98.0
311.0
86.0
389.0
69.0
21.0
133.0
124.0
281.0
33.0
216.0
367.0
144.0
114.0
73.0
308.0
55.0
226.0
208.0
131.0
200.0
260.0
13.0
288.0
105.0
274.0
183.0
309.0
356.0
352.0
300.0
202.0
227.0
226.0
281.0
285.0
109.0
379.0
386.0
156.0
290.0
233.0
45.0
167.0
47.0
291.0
73.0
16.0
182.0
72.0
69.0
153.0
232.0
98.0
202.0
36.0
370.0
63.0
178.0
358.0
17.0
291.0
290.0
47.0
325.0
178.0
84.0
348.0
265.0
206.0
109.0
171.0
292.0
164.0
206.0
302.0
132.0
219.0
112.0
79.0
263.0
224.0
269.0
272.0
254.0
318.0
111.0
144.0
124.0
341.0
102.0
187.0
294.0
387.0
290.0
213.0
176.0
186.0
209.0
141.0
34.0
314.0
153.0
386.0
212.0
39.0
227.0
112.0
113.0
5.0
363.0
130.0
280.0
50.0
73.0
39.0
236.0
94.0
132.0
235.0
80.0
329.0
11.0
96.0
367.0
15.0
210.0
343.0
280.0
299.0
388.0
339.0
144.0
115.0
300.0
160.0
104.0
206.0
387.0
215.0
169.0
128.0
107.0
81.0
225.0
393.0
339.0
81.0
248.0
122.0
392.0
23.0
93.0
346.0
78.0
361.0
254.0
361.0
367.0
101.0
181.0
379.0
203.0
222.0
98.0
397.0
6.0
86.0
75.0
173.0
160.0
266.0
372.0
290.0
242.0
316.0
349.0
8.0
23.0
316.0
31.0
140.0
92.0
80.0
309.0
114.0
350.0
235.0
26.0
91.0
280.0
392.0
125.0
377.0
185.0
135.0
308.0
299.0
91.0
345.0
11.0
335.0
303.0
185.0
134.0
139.0
207.0
11.0
376.0
25.0
300.0
240.0
314.0
157.0
17.0
269.0
154.0
328.0
168.0
173.0
319.0
248.0
190.0
96.0
325.0
257.0
203.0
89.0
284.0
13.0
351.0
383.0
247.0
202.0
228.0
194.0
275.0
211.0
120.0
63.0
33.0
222.0
90.0
33.0
225.0
124.0
318.0
329.0
248.0
193.0
346.0
34.0
258.0
163.0
273.0
258.0
29.0
143.0
296.0
282.0
224.0
303.0
277.0
202.0
347.0
344.0
211.0
120.0
23.0
6.0
115.0
164.0
65.0
216.0
86.0
339.0
110.0
348.0
337.0
377.0
321.0
343.0
269.0
27.0
26.0
82.0
141.0
328.0
355.0
371.0
46.0
154.0
11.0
124.0
94.0
400.0
123.0
311.0
244.0
178.0
239.0
92.0
282.0
270.0
146.0
23.0
374.0
267.0
106.0
298.0
397.0
394.0
170.0
193.0
88.0
271.0
150.0
302.0
226.0
55.0
317.0
146.0
202.0
370.0
210.0
222.0
193.0
164.0
280.0
159.0
220.0
29.0
120.0
368.0
280.0
256.0
93.0
111.0
6.0
49.0
34.0
260.0
381.0
212.0
132.0
322.0
120.0
299.0
54.0
118.0
212.0
256.0
64.0
55.0
314.0
9.0
153.0
121.0
204.0
322.0
205.0
249.0
129.0
311.0
113.0
123.0
332.0
317.0
353.0
364.0
182.0
225.0
324.0
214.0
190.0
356.0
57.0
209.0
366.0
69.0
273.0
290.0
337.0
384.0
39.0
337.0
92.0
211.0
218.0
166.0
59.0
69.0
367.0
360.0
131.0
228.0
11.0
329.0
158.0
311.0
192.0
377.0
167.0
107.0
230.0
78.0
277.0
344.0
155.0
205.0
244.0
339.0
247.0
143.0
194.0
52.0
368.0
73.0
238.0
47.0
335.0
57.0
140.0
215.0
309.0
238.0
100.0
153.0
128.0
5.0
82.0
345.0
127.0
79.0
224.0
11.0
10.0
255.0
43.0
155.0
209.0
214.0
43.0
184.0
326.0
122.0
106.0
80.0
305.0
221.0
239.0
375.0
143.0
157.0
84.0
47.0
274.0
283.0
111.0
226.0
335.0
336.0
280.0
44.0
277.0
63.0
310.0
177.0
372.0
276.0
224.0
283.0
110.0
273.0
53.0
41.0
393.0
368.0
380.0
264.0
178.0
112.0
179.0
128.0
26.0
74.0
312.0
6.0
33.0
88.0
100.0
288.0
222.0
157.0
350.0
258.0
66.0
290.0
314.0
13.0
393.0
177.0
395.0
393.0
354.0
131.0
202.0
249.0
38.0
371.0
135.0
188.0
14.0
324.0
52.0
75.0
316.0
373.0
122.0
219.0
353.0
128.0
339.0
75.0
213.0
299.0
31.0
241.0
321.0
377.0
327.0
362.0
85.0
56.0
345.0
188.0
361.0
273.0
175.0
385.0
55.0
41.0
140.0
149.0
165.0
366.0
27.0
343.0
151.0
239.0
261.0
207.0
18.0
233.0
375.0
250.0
373.0
65.0
192.0
153.0
248.0
219.0
125.0
3.0
302.0
48.0
220.0
70.0
197.0
198.0
193.0
302.0
67.0
33.0
92.0
320.0
134.0
214.0
148.0
56.0
94.0
96.0
21.0
304.0
120.0
247.0
62.0
294.0
298.0
293.0
307.0
288.0
90.0
86.0
2.0
76.0
344.0
196.0
253.0
14.0
320.0
356.0
112.0
215.0
248.0
378.0
181.0
15.0
108.0
151.0
26.0
92.0
182.0
114.0
105.0
79.0
273.0
213.0
393.0
76.0
15.0
149.0
349.0
308.0
346.0
155.0
389.0
376.0
138.0
279.0
379.0
123.0
257.0
44.0
348.0
259.0
91.0
162.0
385.0
375.0
136.0
151.0
204.0
351.0
124.0
88.0
176.0
298.0
380.0
69.0
205.0
229.0
37.0
141.0
296.0
243.0
300.0
317.0
193.0
254.0
311.0
255.0
195.0
100.0
84.0
264.0
222.0
390.0
53.0
183.0
339.0
232.0
108.0
63.0
195.0
297.0
189.0
245.0
188.0
298.0
102.0
123.0
349.0
280.0
208.0
330.0
53.0
303.0
396.0
193.0
269.0
291.0
1.0
397.0
118.0
71.0
168.0
81.0
116.0
28.0
193.0
350.0
250.0
134.0
53.0
248.0
262.0
174.0
73.0
250.0
276.0
7.0
222.0
207.0
20.0
286.0
337.0
263.0
276.0
331.0
88.0
278.0
398.0
23.0
118.0
16.0
222.0
251.0
328.0
271.0
397.0
369.0
5.0
305.0
42.0
377.0
256.0
363.0
232.0
344.0
378.0
292.0
295.0
140.0
98.0
31.0
124.0
132.0
271.0
17.0
8.0
78.0
390.0
7.0
123.0
269.0
274.0
73.0
52.0
386.0
159.0
331.0
118.0
220.0
101.0
301.0
118.0
243.0
353.0
389.0
189.0
287.0
234.0
146.0
223.0
347.0
286.0
14.0
327.0
309.0
115.0
109.0
374.0
346.0
90.0
86.0
24.0
291.0
189.0
126.0
4.0
319.0
54.0
224.0
319.0
223.0
367.0
319.0
337.0
149.0
379.0
327.0
268.0
291.0
146.0
361.0
324.0
336.0
390.0
46.0
347.0
356.0
241.0
114.0
70.0
136.0
8.0
241.0
217.0
208.0
332.0
209.0
367.0
229.0
321.0
173.0
154.0
95.0
355.0
1.0
258.0
314.0
234.0
400.0
158.0
54.0
364.0
54.0
169.0
316.0
27.0
369.0
106.0
122.0
195.0
250.0
230.0
99.0
229.0
203.0
98.0
339.0
134.0
80.0
196.0
295.0
319.0
13.0
327.0
300.0
10.0
223.0
41.0
283.0
202.0
304.0
286.0
29.0
60.0
84.0
223.0
81.0
224.0
138.0
269.0
213.0
98.0
144.0
290.0
110.0
259.0
316.0
191.0
75.0
304.0
194.0
384.0
15.0
111.0
87.0
92.0
100.0
231.0
150.0
349.0
31.0
232.0
104.0
350.0
296.0
97.0
271.0
231.0
356.0
95.0
49.0
384.0
252.0
208.0
117.0
99.0
159.0
318.0
289.0
331.0
18.0
24.0
189.0
125.0
265.0
69.0
352.0
254.0
151.0
332.0
75.0
243.0
57.0
277.0
353.0
323.0
355.0
125.0
313.0
361.0
121.0
322.0
212.0
26.0
278.0
151.0
329.0
162.0
335.0
170.0
121.0
298.0
57.0
84.0
342.0
363.0
85.0
285.0
342.0
261.0
3.0
62.0
76.0
320.0
5.0
193.0
75.0
7.0
177.0
35.0
21.0
224.0
215.0
344.0
375.0
10.0
250.0
370.0
228.0
112.0
114.0
363.0
65.0
115.0
17.0
382.0
243.0
204.0
253.0
380.0
396.0
88.0
168.0
4.0
21.0
166.0
288.0
118.0
386.0
238.0
342.0
133.0
193.0
205.0
58.0
9.0
350.0
61.0
347.0
144.0
127.0
251.0
308.0
210.0
351.0
345.0
180.0
144.0
93.0
136.0
15.0
46.0
394.0
160.0
233.0
347.0
14.0
352.0
41.0
173.0
222.0
201.0
261.0
88.0
20.0
302.0
49.0
92.0
53.0
304.0
15.0
352.0
153.0
106.0
375.0
259.0
36.0
291.0
124.0
262.0
170.0
7.0
49.0
302.0
320.0
317.0
307.0
23.0
281.0
95.0
105.0
262.0
342.0
232.0
283.0
8.0
381.0
183.0
300.0
116.0
121.0
225.0
116.0
227.0
77.0
346.0
288.0
345.0
326.0
142.0
85.0
278.0
385.0
399.0
186.0
266.0
247.0
303.0
227.0
3.0
300.0
332.0
135.0
206.0
342.0
341.0
198.0
350.0
22.0
178.0
208.0
169.0
286.0
224.0
383.0
72.0
400.0
241.0
18.0
83.0
93.0
198.0
282.0
231.0
233.0
31.0
215.0
309.0
143.0
128.0
54.0
220.0
232.0
14.0
395.0
240.0
106.0
7.0
245.0
322.0
242.0
263.0
87.0
98.0
263.0
35.0
88.0
29.0
202.0
212.0
354.0
115.0
318.0
168.0
146.0
353.0
234.0
204.0
57.0
132.0
133.0
365.0
268.0
59.0
331.0
337.0
231.0
235.0
238.0
383.0
369.0
14.0
93.0
363.0
28.0
90.0
19.0
271.0
152.0
17.0
109.0
172.0
382.0
240.0
141.0
108.0
65.0
233.0
290.0
217.0
90.0
313.0
378.0
105.0
120.0
183.0
298.0
175.0
108.0
291.0
366.0
20.0
396.0
148.0
37.0
124.0
315.0
172.0
3.0
299.0
319.0
128.0
119.0
388.0
227.0
337.0
245.0
44.0
38.0
380.0
5.0
266.0
225.0
136.0
107.0
331.0
10.0
329.0
351.0
162.0
159.0
61.0
23.0
24.0
374.0
107.0
123.0
243.0
393.0
374.0
271.0
70.0
185.0
169.0
241.0
11.0
73.0
235.0
23.0
328.0
398.0
232.0
277.0
112.0
300.0
230.0
191.0
384.0
364.0
134.0
42.0
180.0
54.0
100.0
236.0
262.0
349.0
374.0
147.0
73.0
87.0
304.0
298.0
294.0
113.0
219.0
392.0
292.0
245.0
269.0
149.0
25.0
40.0
122.0
2.0
197.0
156.0
3.0
317.0
345.0
289.0
227.0
202.0
350.0
81.0
374.0
150.0
381.0
229.0
337.0
176.0
98.0
105.0
88.0
320.0
147.0
173.0
200.0
129.0
94.0
285.0
360.0
268.0
43.0
382.0
99.0
66.0
16.0
33.0
276.0
57.0
273.0
81.0
364.0
208.0
157.0
218.0
280.0
152.0
216.0
285.0
52.0
271.0
98.0
334.0
369.0
121.0
370.0
39.0
193.0
309.0
85.0
268.0
361.0
221.0
258.0
63.0
93.0
199.0
64.0
112.0
92.0
145.0
259.0
206.0
278.0
299.0
287.0
331.0
276.0
135.0
342.0
316.0
207.0
66.0
255.0
157.0
307.0
237.0
340.0
90.0
182.0
232.0
303.0
33.0
226.0
253.0
382.0
267.0
337.0
179.0
284.0
364.0
94.0
149.0
302.0
197.0
27.0
15.0
383.0
250.0
129.0
336.0
315.0
39.0
353.0
156.0
44.0
282.0
3.0
209.0
40.0
398.0
256.0
243.0
81.0
132.0
85.0
45.0
162.0
172.0
314.0
72.0
317.0
211.0
62.0
278.0
370.0
276.0
379.0
135.0
115.0
101.0
1.0
174.0
356.0
355.0
298.0
45.0
259.0
238.0
262.0
362.0
273.0
188.0
273.0
375.0
373.0
38.0
125.0
218.0
387.0
367.0
86.0
3.0
276.0
340.0
138.0
264.0
63.0
274.0
109.0
362.0
167.0
171.0
34.0
216.0
238.0
353.0
190.0
8.0
397.0
94.0
302.0
3.0
45.0
25.0
11.0
47.0
105.0
171.0
282.0
197.0
213.0
100.0
216.0
201.0
86.0
295.0
337.0
302.0
359.0
270.0
63.0
123.0
139.0
196.0
78.0
207.0
144.0
75.0
350.0
149.0
353.0
384.0
92.0
83.0
212.0
30.0
242.0
310.0
42.0
105.0
54.0
313.0
131.0
180.0
395.0
62.0
371.0
247.0
192.0
364.0
113.0
35.0
83.0
287.0
83.0
236.0
302.0
108.0
177.0
250.0
76.0
234.0
142.0
26.0
154.0
61.0
57.0
165.0
73.0
142.0
139.0
330.0
190.0
179.0
128.0
74.0
217.0
123.0
237.0
205.0
285.0
258.0
192.0
220.0
235.0
392.0
254.0
70.0
167.0
400.0
250.0
365.0
79.0
360.0
307.0
235.0
106.0
320.0
283.0
201.0
48.0
339.0
236.0
305.0
283.0
273.0
128.0
139.0
392.0
133.0
37.0
146.0
382.0
306.0
242.0
77.0
201.0
346.0
265.0
191.0
21.0
387.0
72.0
363.0
48.0
129.0
41.0
343.0
198.0
76.0
314.0
195.0
129.0
13.0
370.0
339.0
300.0
254.0
281.0
356.0
331.0
67.0
8.0
114.0
215.0
307.0
312.0
202.0
150.0
305.0
212.0
126.0
304.0
144.0
16.0
285.0
216.0
39.0
249.0
11.0
90.0
62.0
51.0
39.0
321.0
82.0
122.0
328.0
68.0
52.0
165.0
374.0
199.0
336.0
295.0
163.0
353.0
28.0
316.0
238.0
57.0
36.0
126.0
289.0
79.0
351.0
276.0
319.0
380.0
65.0
181.0
176.0
118.0
244.0
190.0
282.0
192.0
37.0
241.0
124.0
285.0
322.0
149.0
394.0
21.0
266.0
40.0
198.0
134.0
258.0
229.0
146.0
76.0
172.0
214.0
200.0
340.0
283.0
378.0
62.0
363.0
316.0
36.0
18.0
120.0
201.0
107.0
125.0
163.0
114.0
357.0
391.0
200.0
80.0
18.0
180.0
204.0
183.0
75.0
379.0
68.0
136.0
108.0
302.0
2.0
28.0
287.0
162.0
257.0
395.0
338.0
268.0
112.0
67.0
316.0
218.0
98.0
353.0
176.0
128.0
1.0
300.0
362.0
2.0
231.0
347.0
11.0
361.0
358.0
111.0
159.0
185.0
323.0
389.0
133.0
190.0
4.0
261.0
188.0
94.0
327.0
297.0
148.0
304.0
252.0
356.0
127.0
392.0
138.0
77.0
310.0
353.0
349.0
99.0
239.0
283.0
300.0
95.0
22.0
100.0
253.0
256.0
54.0
238.0
128.0
49.0
181.0
323.0
284.0
57.0
369.0
124.0
259.0
65.0
81.0
343.0
374.0
374.0
335.0
53.0
107.0
325.0
115.0
83.0
391.0
107.0
205.0
30.0
239.0
367.0
58.0
275.0
252.0
366.0
116.0
309.0
345.0
400.0
349.0
344.0
252.0
341.0
243.0
12.0
368.0
101.0
230.0
394.0
320.0
222.0
347.0
152.0
163.0
31.0
360.0
158.0
244.0
205.0
300.0
255.0
250.0
219.0
81.0
146.0
222.0
352.0
251.0
381.0
294.0
22.0
133.0
22.0
295.0
162.0
382.0
66.0
360.0
321.0
151.0
6.0
172.0
127.0
369.0
82.0
127.0
92.0
178.0
346.0
75.0
331.0
400.0
80.0
364.0
297.0
163.0
57.0
80.0
136.0
305.0
383.0
365.0
79.0
362.0
395.0
159.0
166.0
30.0
252.0
371.0
336.0
211.0
195.0
393.0
119.0
177.0
60.0
145.0
129.0
45.0
367.0
287.0
6.0
249.0
106.0
65.0
201.0
149.0
76.0
387.0
330.0
294.0
319.0
45.0
362.0
208.0
392.0
88.0
92.0
144.0
134.0
138.0
20.0
355.0
4.0
326.0
262.0
253.0
81.0
97.0
279.0
144.0
45.0
284.0
174.0
380.0
317.0
394.0
252.0
92.0
199.0
188.0
79.0
212.0
358.0
20.0
252.0
24.0
1.0
204.0
380.0
326.0
341.0
216.0
38.0
369.0
378.0
6.0
326.0
372.0
144.0
269.0
5.0
204.0
348.0
197.0
86.0
287.0
240.0
4.0
207.0
3.0
150.0
174.0
374.0
264.0
195.0
215.0
136.0
261.0
274.0
145.0
72.0
220.0
25.0
323.0
200.0
6.0
154.0
62.0
163.0
251.0
187.0
223.0
369.0
193.0
73.0
190.0
300.0
121.0
210.0
127.0
394.0
198.0
377.0
36.0
64.0
386.0
111.0
172.0
74.0
321.0
250.0
364.0
134.0
382.0
5.0
36.0
111.0
322.0
367.0
118.0
2.0
21.0
254.0
210.0
94.0
260.0
60.0
239.0
40.0
194.0
59.0
373.0
10.0
307.0
259.0
25.0
112.0
49.0
289.0
145.0
49.0
193.0
43.0
193.0
163.0
251.0
265.0
145.0
278.0
73.0
185.0
148.0
128.0
259.0
116.0
118.0
135.0
222.0
114.0
117.0
99.0
40.0
152.0
262.0
206.0
344.0
275.0
252.0
16.0
358.0
242.0
219.0
214.0
114.0
271.0
140.0
274.0
2.0
384.0
4.0
19.0
38.0
301.0
66.0
163.0
198.0
53.0
255.0
88.0
173.0
25.0
8.0
394.0
332.0
152.0
137.0
44.0
71.0
311.0
384.0
373.0
124.0
3.0
400.0
56.0
248.0
70.0
234.0
129.0
185.0
348.0
260.0
220.0
107.0
75.0
120.0
332.0
221.0
361.0
252.0
141.0
156.0
1.0
268.0
89.0
13.0
132.0
345.0
211.0
244.0
150.0
138.0
277.0
276.0
336.0
200.0
128.0
392.0
345.0
292.0
115.0
339.0
143.0
88.0
128.0
391.0
225.0
47.0
380.0
315.0
286.0
124.0
173.0
291.0
2.0
117.0
259.0
90.0
57.0
380.0
396.0
353.0
203.0
228.0
181.0
188.0
383.0
176.0
53.0
176.0
134.0
315.0
287.0
230.0
132.0
182.0
150.0
157.0
82.0
302.0
309.0
188.0
381.0
361.0
72.0
260.0
72.0
387.0
227.0
102.0
399.0
125.0
32.0
69.0
159.0
365.0
179.0
65.0
30.0
356.0
254.0
387.0
311.0
335.0
266.0
220.0
87.0
146.0
319.0
100.0
335.0
102.0
156.0
153.0
131.0
377.0
131.0
106.0
374.0
34.0
301.0
173.0
103.0
142.0
213.0
107.0
131.0
165.0
82.0
52.0
49.0
341.0
315.0
201.0
125.0
265.0
50.0
162.0
75.0
211.0
117.0
365.0
302.0
166.0
302.0
113.0
327.0
220.0
222.0
13.0
170.0
85.0
76.0
87.0
150.0
41.0
71.0
226.0
223.0
167.0
107.0
24.0
86.0
15.0
391.0
70.0
19.0
329.0
68.0
255.0
382.0
77.0
310.0
377.0
242.0
185.0
312.0
237.0
210.0
243.0
304.0
369.0
124.0
246.0
362.0
370.0
331.0
114.0
256.0
333.0
384.0
286.0
73.0
271.0
355.0
248.0
348.0
258.0
175.0
265.0
103.0
37.0
296.0
91.0
84.0
65.0
331.0
340.0
50.0
306.0
212.0
288.0
108.0
224.0
89.0
364.0
308.0
30.0
277.0
114.0
271.0
226.0
203.0
334.0
126.0
217.0
398.0
120.0
267.0
392.0
373.0
134.0
83.0
80.0
205.0
242.0
222.0
134.0
59.0
138.0
272.0
239.0
10.0
226.0
268.0
389.0
190.0
45.0
231.0
395.0
214.0
82.0
54.0
190.0
329.0
308.0
361.0
343.0
399.0
130.0
112.0
345.0
265.0
260.0
296.0
168.0
362.0
394.0
120.0
228.0
74.0
38.0
361.0
49.0
175.0
378.0
12.0
132.0
228.0
10.0
215.0
199.0
110.0
326.0
179.0
372.0
388.0
232.0
399.0
39.0
333.0
167.0
101.0
237.0
379.0
17.0
275.0
209.0
397.0
84.0
341.0
110.0
51.0
212.0
213.0
386.0
20.0
287.0
147.0
90.0
200.0
245.0
106.0
158.0
291.0
251.0
365.0
65.0
178.0
296.0
189.0
319.0
350.0
252.0
81.0
225.0
360.0
127.0
189.0
242.0
254.0
307.0
36.0
163.0
175.0
75.0
375.0
356.0
339.0
79.0
67.0
87.0
265.0
167.0
187.0
269.0
152.0
204.0
218.0
215.0
6.0
219.0
27.0
60.0
46.0
388.0
325.0
239.0
203.0
96.0
396.0
305.0
176.0
395.0
263.0
6.0
225.0
52.0
300.0
71.0
293.0
181.0
350.0
197.0
202.0
282.0
339.0
155.0
4.0
253.0
183.0
266.0
175.0
392.0
74.0
246.0
223.0
239.0
176.0
48.0
178.0
136.0
356.0
21.0
371.0
274.0
227.0
105.0
347.0
163.0
19.0
396.0
307.0
89.0
143.0
80.0
20.0
359.0
93.0
32.0
114.0
328.0
34.0
56.0
260.0
231.0
298.0
244.0
130.0
337.0
32.0
293.0
392.0
261.0
292.0
269.0
86.0
389.0
149.0
353.0
83.0
102.0
291.0
53.0
189.0
48.0
213.0
385.0
167.0
60.0
69.0
230.0
257.0
149.0
181.0
197.0
320.0
172.0
80.0
344.0
48.0
148.0
244.0
56.0
156.0
326.0
160.0
144.0
91.0
5.0
106.0
91.0
77.0
162.0
160.0
23.0
163.0
262.0
170.0
129.0
138.0
210.0
281.0
345.0
239.0
130.0
232.0
341.0
225.0
316.0
217.0
322.0
68.0
385.0
288.0
7.0
191.0
123.0
279.0
365.0
176.0
119.0
367.0
127.0
175.0
388.0
300.0
287.0
181.0
297.0
38.0
279.0
242.0
382.0
51.0
249.0
271.0
399.0
204.0
267.0
144.0
15.0
50.0
355.0
132.0
9.0
204.0
41.0
50.0
56.0
16.0
23.0
81.0
344.0
22.0
134.0
76.0
71.0
75.0
51.0
213.0
38.0
317.0
95.0
223.0
19.0
88.0
41.0
296.0
323.0
206.0
69.0
55.0
43.0
46.0
99.0
189.0
180.0
186.0
309.0
27.0
208.0
295.0
187.0
363.0
390.0
165.0
332.0
279.0
230.0
131.0
350.0
7.0
223.0
63.0
256.0
178.0
207.0
362.0
322.0
43.0
384.0
72.0
231.0
220.0
46.0
252.0
394.0
46.0
240.0
75.0
230.0
4.0
54.0
270.0
314.0
35.0
205.0
243.0
240.0
374.0
31.0
354.0
56.0
27.0
75.0
81.0
321.0
318.0
99.0
285.0
319.0
12.0
290.0
268.0
287.0
329.0
32.0
162.0
326.0
362.0
301.0
143.0
171.0
324.0
114.0
24.0
39.0
155.0
147.0
235.0
103.0
151.0
79.0
49.0
267.0
170.0
39.0
244.0
336.0
285.0
381.0
272.0
172.0
184.0
210.0
356.0
387.0
394.0
160.0
22.0
121.0
175.0
297.0
186.0
256.0
123.0
234.0
326.0
97.0
280.0
391.0
173.0
176.0
301.0
366.0
175.0
309.0
16.0
80.0
190.0
180.0
279.0
205.0
184.0
10.0
362.0
349.0
96.0
276.0
45.0
132.0
73.0
270.0
244.0
354.0
233.0
264.0
164.0
100.0
198.0
195.0
219.0
63.0
99.0
216.0
272.0
289.0
102.0
364.0
398.0
93.0
189.0
33.0
1.0
153.0
260.0
381.0
137.0
263.0
52.0
60.0
97.0
110.0
391.0
171.0
9.0
104.0
238.0
302.0
208.0
107.0
209.0
255.0
61.0
328.0
271.0
4.0
25.0
229.0
352.0
66.0
337.0
59.0
171.0
358.0
83.0
82.0
257.0
193.0
107.0
236.0
173.0
119.0
264.0
32.0
177.0
129.0
236.0
369.0
15.0
369.0
37.0
167.0
330.0
266.0
373.0
32.0
322.0
399.0
146.0
127.0
395.0
232.0
67.0
81.0
115.0
293.0
298.0
2.0
149.0
397.0
180.0
387.0
124.0
197.0
22.0
56.0
373.0
236.0
216.0
327.0
353.0
72.0
162.0
365.0
91.0
333.0
148.0
109.0
34.0
122.0
121.0
297.0
349.0
29.0
59.0
202.0
136.0
125.0
231.0
140.0
151.0
56.0
146.0
183.0
16.0
96.0
97.0
54.0
276.0
217.0
146.0
288.0
180.0
214.0
305.0
209.0
26.0
188.0
144.0
217.0
357.0
93.0
129.0
377.0
96.0
2.0
388.0
4.0
69.0
36.0
154.0
79.0
328.0
396.0
119.0
6.0
122.0
271.0
153.0
230.0
391.0
238.0
130.0
297.0
373.0
8.0
188.0
100.0
372.0
135.0
369.0
9.0
53.0
147.0
43.0
370.0
76.0
323.0
383.0
55.0
92.0
168.0
389.0
122.0
199.0
207.0
304.0
56.0
54.0
134.0
149.0
191.0
53.0
189.0
307.0
184.0
115.0
315.0
275.0
34.0
82.0
379.0
42.0
341.0
107.0
253.0
28.0
216.0
59.0
153.0
287.0
36.0
202.0
92.0
100.0
300.0
287.0
198.0
259.0
178.0
94.0
350.0
209.0
9.0
347.0
205.0
328.0
353.0
9.0
244.0
178.0
284.0
196.0
321.0
265.0
347.0
105.0
66.0
194.0
58.0
267.0
53.0
204.0
296.0
220.0
99.0
380.0
370.0
83.0
8.0
195.0
242.0
58.0
230.0
339.0
39.0
217.0
129.0
48.0
287.0
305.0
301.0
252.0
289.0
118.0
31.0
326.0
383.0
225.0
379.0
120.0
5.0
237.0
89.0
220.0
246.0
241.0
47.0
50.0
33.0
357.0
165.0
59.0
61.0
21.0
163.0
64.0
377.0
240.0
236.0
106.0
363.0
277.0
163.0
351.0
287.0
140.0
367.0
324.0
390.0
292.0
204.0
346.0
129.0
353.0
258.0
374.0
194.0
40.0
251.0
84.0
75.0
27.0
168.0
123.0
54.0
144.0
334.0
36.0
394.0
181.0
395.0
1.0
6.0
224.0
400.0
48.0
394.0
97.0
291.0
347.0
95.0
139.0
75.0
253.0
381.0
363.0
243.0
134.0
260.0
379.0
47.0
197.0
362.0
141.0
398.0
98.0
238.0
77.0
150.0
87.0
399.0
43.0
118.0
230.0
256.0
330.0
362.0
252.0
58.0
392.0
30.0
79.0
153.0
173.0
197.0
315.0
196.0
75.0
314.0
111.0
193.0
116.0
2.0
52.0
215.0
278.0
282.0
353.0
105.0
281.0
235.0
298.0
317.0
179.0
354.0
336.0
27.0
170.0
48.0
362.0
308.0
33.0
237.0
251.0
318.0
204.0
283.0
358.0
232.0
53.0
313.0
247.0
219.0
371.0
202.0
125.0
226.0
300.0
159.0
119.0
61.0
186.0
236.0
208.0
271.0
211.0
275.0
238.0
248.0
246.0
378.0
268.0
28.0
128.0
99.0
165.0
368.0
249.0
66.0
390.0
37.0
96.0
160.0
221.0
39.0
335.0
118.0
96.0
269.0
83.0
286.0
368.0
305.0
147.0
9.0
312.0
241.0
307.0
50.0
361.0
274.0
284.0
317.0
45.0
32.0
245.0
333.0
42.0
320.0
53.0
86.0
260.0
133.0
2.0
279.0
41.0
139.0
283.0
89.0
290.0
380.0
384.0
261.0
150.0
47.0
102.0
295.0
363.0
48.0
119.0
146.0
92.0
397.0
320.0
221.0
331.0
366.0
314.0
96.0
319.0
385.0
110.0
37.0
257.0
368.0
167.0
312.0
128.0
87.0
67.0
347.0
297.0
307.0
30.0
396.0
343.0
400.0
213.0
8.0
132.0
89.0
295.0
349.0
25.0
333.0
175.0
362.0
334.0
300.0
1.0
221.0
267.0
304.0
25.0
3.0
307.0
318.0
170.0
17.0
74.0
344.0
94.0
175.0
208.0
166.0
56.0
391.0
147.0
210.0
368.0
90.0
342.0
162.0
146.0
371.0
67.0
329.0
76.0
58.0
362.0
14.0
238.0
74.0
372.0
330.0
207.0
37.0
258.0
62.0
251.0
212.0
203.0
248.0
243.0
32.0
342.0
377.0
15.0
203.0
214.0
43.0
290.0
333.0
317.0
300.0
1.0
322.0
192.0
248.0
179.0
379.0
176.0
132.0
322.0
341.0
139.0
272.0
27.0
159.0
299.0
314.0
1.0
70.0
326.0
108.0
382.0
290.0
49.0
393.0
236.0
140.0
310.0
66.0
275.0
33.0
217.0
252.0
329.0
65.0
187.0
211.0
374.0
197.0
82.0
212.0
45.0
398.0
196.0
372.0
137.0
266.0
157.0
34.0
223.0
336.0
205.0
180.0
357.0
27.0
272.0
357.0
220.0
7.0
122.0
238.0
135.0
131.0
191.0
226.0
284.0
135.0
326.0
296.0
136.0
300.0
397.0
100.0
96.0
43.0
179.0
296.0
8.0
190.0
393.0
293.0
89.0
246.0
329.0
184.0
238.0
160.0
7.0
16.0
71.0
386.0
321.0
102.0
390.0
255.0
394.0
350.0
239.0
199.0
328.0
337.0
284.0
356.0
266.0
256.0
180.0
22.0
275.0
49.0
282.0
186.0
111.0
212.0
389.0
295.0
171.0
187.0
397.0
163.0
254.0
390.0
94.0
149.0
349.0
257.0
274.0
133.0
11.0
350.0
300.0
94.0
61.0
226.0
396.0
342.0
218.0
227.0
75.0
44.0
309.0
45.0
111.0
55.0
386.0
359.0
321.0
60.0
216.0
165.0
221.0
309.0
36.0
391.0
255.0
332.0
310.0
64.0
108.0
259.0
135.0
122.0
100.0
182.0
277.0
108.0
78.0
267.0
289.0
248.0
330.0
24.0
70.0
97.0
228.0
72.0
210.0
298.0
324.0
278.0
207.0
296.0
38.0
208.0
396.0
113.0
193.0
280.0
316.0
194.0
350.0
1.0
212.0
167.0
101.0
348.0
46.0
36.0
332.0
336.0
167.0
23.0
293.0
359.0
349.0
383.0
37.0
281.0
224.0
126.0
385.0
70.0
345.0
188.0
245.0
358.0
171.0
182.0
276.0
192.0
330.0
24.0
370.0
146.0
251.0
214.0
150.0
151.0
199.0
317.0
13.0
331.0
231.0
253.0
129.0
318.0
166.0
382.0
356.0
19.0
247.0
265.0
94.0
332.0
79.0
259.0
65.0
160.0
137.0
171.0
285.0
236.0
242.0
149.0
58.0
278.0
75.0
342.0
53.0
121.0
310.0
321.0
209.0
12.0
115.0
78.0
45.0
317.0
4.0
185.0
75.0
266.0
84.0
293.0
68.0
188.0
177.0
55.0
171.0
4.0
355.0
90.0
54.0
163.0
193.0
372.0
25.0
22.0
362.0
44.0
165.0
235.0
242.0
82.0
274.0
190.0
233.0
55.0
304.0
339.0
380.0
221.0
350.0
206.0
200.0
108.0
388.0
230.0
349.0
373.0
168.0
67.0
319.0
156.0
168.0
302.0
156.0
300.0
231.0
24.0
269.0
349.0
320.0
10.0
340.0
24.0
269.0
338.0
19.0
173.0
233.0
106.0
163.0
8.0
360.0
384.0
270.0
395.0
150.0
337.0
264.0
279.0
241.0
372.0
335.0
351.0
46.0
139.0
20.0
294.0
104.0
169.0
203.0
228.0
360.0
18.0
237.0
33.0
83.0
170.0
238.0
275.0
302.0
137.0
113.0
332.0
367.0
171.0
335.0
139.0
227.0
247.0
316.0
284.0
142.0
166.0
9.0
129.0
179.0
27.0
188.0
366.0
321.0
300.0
123.0
250.0
80.0
284.0
24.0
399.0
238.0
75.0
222.0
361.0
24.0
246.0
97.0
46.0
129.0
73.0
201.0
47.0
92.0
360.0
194.0
255.0
102.0
54.0
38.0
248.0
12.0
249.0
387.0
250.0
212.0
168.0
56.0
257.0
374.0
4.0
345.0
108.0
12.0
312.0
166.0
264.0
196.0
4.0
347.0
91.0
224.0
171.0
17.0
288.0
397.0
232.0
191.0
20.0
257.0
293.0
12.0
159.0
146.0
2.0
371.0
324.0
79.0
374.0
107.0
128.0
359.0
366.0
11.0
305.0
39.0
280.0
178.0
97.0
107.0
184.0
394.0
297.0
15.0
125.0
169.0
391.0
312.0
134.0
350.0
179.0
228.0
139.0
352.0
395.0
152.0
238.0
168.0
230.0
19.0
227.0
337.0
191.0
20.0
146.0
267.0
76.0
268.0
359.0
229.0
153.0
387.0
39.0
272.0
215.0
154.0
124.0
220.0
344.0
30.0
284.0
379.0
75.0
334.0
215.0
249.0
88.0
375.0
189.0
70.0
173.0
266.0
210.0
336.0
96.0
317.0
328.0
292.0
123.0
202.0
253.0
380.0
311.0
150.0
136.0
237.0
188.0
60.0
101.0
43.0
269.0
113.0
366.0
231.0
196.0
18.0
168.0
261.0
108.0
126.0
307.0
26.0
383.0
278.0
93.0
151.0
334.0
246.0
99.0
346.0
213.0
218.0
294.0
62.0
25.0
42.0
220.0
179.0
65.0
127.0
196.0
63.0
101.0
182.0
307.0
32.0
85.0
4.0
295.0
115.0
79.0
308.0
4.0
232.0
260.0
198.0
238.0
273.0
83.0
85.0
94.0
211.0
28.0
374.0
63.0
8.0
369.0
300.0
19.0
364.0
359.0
278.0
75.0
123.0
245.0
341.0
100.0
354.0
2.0
19.0
145.0
214.0
83.0
9.0
296.0
188.0
264.0
108.0
234.0
174.0
122.0
147.0
11.0
226.0
206.0
23.0
247.0
3.0
294.0
342.0
49.0
284.0
108.0
214.0
266.0
62.0
188.0
54.0
316.0
360.0
359.0
13.0
329.0
74.0
230.0
39.0
91.0
212.0
157.0
100.0
228.0
351.0
270.0
8.0
179.0
33.0
227.0
397.0
325.0
8.0
293.0
317.0
63.0
51.0
274.0
